{
 "cells": [
  {
   "cell_type": "code",
   "execution_count": 1,
   "metadata": {},
   "outputs": [],
   "source": [
    "import os\n",
    "\n",
    "from dotenv import load_dotenv\n",
    "from langchain import hub\n",
    "from langchain.agents import AgentExecutor, AgentType, initialize_agent, load_tools\n",
    "from langchain.agents.format_scratchpad import format_log_to_str\n",
    "from langchain.agents.output_parsers import (\n",
    "    JSONAgentOutputParser,\n",
    "    ReActSingleInputOutputParser,\n",
    ")\n",
    "from langchain.chains.conversation.memory import ConversationBufferWindowMemory\n",
    "from langchain.chat_models import ChatOpenAI\n",
    "from langchain.llms import OpenAI\n",
    "from langchain.tools import ArxivQueryRun, WikipediaQueryRun, tool\n",
    "from langchain.tools.render import render_text_description_and_args, format_tool_to_openai_function\n",
    "from langchain.utilities import ArxivAPIWrapper, WikipediaAPIWrapper\n",
    "from langchain.prompts import MessagesPlaceholder\n",
    "from langchain.schema import ChatMessage, SystemMessage\n",
    "\n",
    "from llamp.mp.agents import (\n",
    "    MPSummaryExpert,\n",
    "    MPThermoExpert,\n",
    "    MPElasticityExpert,\n",
    "    MPDielectricExpert,\n",
    "    MPPiezoelectricExpert,\n",
    "    MPMagnetismExpert,\n",
    "    MPElectronicExpert,\n",
    "    MPSynthesisExpert,\n",
    "    MPStructureRetriever\n",
    ")\n",
    "from llamp.arxiv.agents import ArxivAgent\n",
    "\n",
    "load_dotenv()\n",
    "\n",
    "OPENAI_API_KEY = os.getenv(\"OPENAI_API_KEY\", None)\n",
    "\n",
    "# OPENAI_GPT_MODEL = \"gpt-4-1106-preview\"\n",
    "# OPENAI_GPT_MODEL = \"gpt-3.5-turbo-1106\"\n",
    "OPENAI_GPT_MODEL = \"gpt-4\""
   ]
  },
  {
   "cell_type": "code",
   "execution_count": 2,
   "metadata": {},
   "outputs": [
    {
     "name": "stderr",
     "output_type": "stream",
     "text": [
      "/home/cyrus/miniconda3/envs/llamp/lib/python3.11/site-packages/langchain_core/_api/deprecation.py:117: LangChainDeprecationWarning: The class `langchain_community.chat_models.openai.ChatOpenAI` was deprecated in langchain-community 0.0.10 and will be removed in 0.2.0. An updated version of the class exists in the langchain-openai package and should be used instead. To use it run `pip install -U langchain-openai` and import as `from langchain_openai import ChatOpenAI`.\n",
      "  warn_deprecated(\n",
      "/home/cyrus/miniconda3/envs/llamp/lib/python3.11/site-packages/mp_api/client/mprester.py:230: UserWarning: mpcontribs-client not installed. Install the package to query MPContribs data, or construct pourbaix diagrams: 'pip install mpcontribs-client'\n",
      "  warnings.warn(\n",
      "/home/cyrus/miniconda3/envs/llamp/lib/python3.11/site-packages/langchain_core/_api/deprecation.py:117: LangChainDeprecationWarning: The function `initialize_agent` was deprecated in LangChain 0.1.0 and will be removed in 0.2.0. Use Use new agent constructor methods like create_react_agent, create_json_agent, create_structured_chat_agent, etc. instead.\n",
      "  warn_deprecated(\n"
     ]
    }
   ],
   "source": [
    "import re\n",
    "\n",
    "mp_llm = ChatOpenAI(\n",
    "    temperature=0,\n",
    "    model=\"gpt-3.5-turbo-1106\",\n",
    "    openai_api_key=OPENAI_API_KEY,\n",
    "    openai_organization=None,\n",
    "    max_retries=5,\n",
    "    # streaming=True\n",
    ")\n",
    "\n",
    "llm = ChatOpenAI(\n",
    "    temperature=0.7,\n",
    "    model=\"gpt-4\",\n",
    "    openai_api_key=OPENAI_API_KEY,\n",
    "    openai_organization=None,\n",
    "    # streaming=True\n",
    ")\n",
    "\n",
    "wikipedia = WikipediaQueryRun(api_wrapper=WikipediaAPIWrapper())\n",
    "arxiv = ArxivQueryRun(api_wrapper=ArxivAPIWrapper())\n",
    "\n",
    "tools = [\n",
    "    MPThermoExpert(llm=mp_llm).as_tool(agent_kwargs=dict(return_intermediate_steps=False)),\n",
    "    MPElasticityExpert(llm=mp_llm).as_tool(agent_kwargs=dict(return_intermediate_steps=False)),\n",
    "    MPDielectricExpert(llm=mp_llm).as_tool(agent_kwargs=dict(return_intermediate_steps=False)),\n",
    "    MPMagnetismExpert(llm=mp_llm).as_tool(agent_kwargs=dict(return_intermediate_steps=False)),\n",
    "    MPElectronicExpert(llm=mp_llm).as_tool(agent_kwargs=dict(return_intermediate_steps=False)),\n",
    "    MPPiezoelectricExpert(llm=mp_llm).as_tool(agent_kwargs=dict(return_intermediate_steps=False)),\n",
    "    MPSummaryExpert(llm=mp_llm).as_tool(agent_kwargs=dict(return_intermediate_steps=False)),\n",
    "    MPSynthesisExpert(llm=mp_llm).as_tool(agent_kwargs=dict(return_intermediate_steps=False)),\n",
    "    MPStructureRetriever(llm=mp_llm).as_tool(agent_kwargs=dict(return_intermediate_steps=False)),\n",
    "    # ArxivAgent(llm=mp_llm).as_tool(agent_kwargs=dict(return_intermediate_steps=False)),\n",
    "    arxiv,\n",
    "    wikipedia,\n",
    "]\n",
    "tools += load_tools([\"llm-math\"], llm=mp_llm)\n",
    "\n",
    "prompt = hub.pull(\"hwchase17/react-multi-input-json\")\n",
    "prompt.messages[0].prompt.template = re.sub(\n",
    "    r\"\\s+\", \" \",\n",
    "    \"\"\"You are a data-aware agent that can consult materials-related\n",
    "    data through Materials Project (MP) database, arXiv, and Wikipedia. Ask \n",
    "    user to clarify their queries if needed. Please note that you don't have \n",
    "    direct control over MP but through multiple assistant agents to help you. \n",
    "    You need to provide complete context in the input for them to do their job.\n",
    "    \"\"\").replace(\"\\n\", \" \") + prompt.messages[0].prompt.template\n",
    "\n",
    "prompt = prompt.partial(\n",
    "    tools=render_text_description_and_args(tools),\n",
    "    tool_names=\", \".join([t.name for t in tools]),\n",
    ")\n",
    "\n",
    "agent = (\n",
    "    {\n",
    "        \"input\": lambda x: x[\"input\"],\n",
    "        \"agent_scratchpad\": lambda x: format_log_to_str(x[\"intermediate_steps\"]),\n",
    "    }\n",
    "    | prompt\n",
    "    | llm.bind(stop=[\"Observation\"])\n",
    "    # | map_reduce_chain  # TODO: Add map-reduce after LLM\n",
    "    | JSONAgentOutputParser()\n",
    ")\n",
    "\n",
    "\n",
    "conversational_memory = ConversationBufferWindowMemory(\n",
    "    memory_key='chat_history',\n",
    "    k=5,\n",
    "    return_messages=True\n",
    ")\n",
    "\n",
    "agent_kwargs = {\n",
    "    \"handle_parsing_errors\": True,\n",
    "    \"extra_prompt_messages\": [\n",
    "        MessagesPlaceholder(variable_name=\"chat_history\"),\n",
    "        # SystemMessage(content=re.sub(\n",
    "        #     r\"\\s+\", \" \",\n",
    "        #     \"\"\"You are a helpful data-aware agent that can consult materials-related\n",
    "        #     data through Materials Project (MP) database, arXiv, and Wikipedia. Ask \n",
    "        #     user to clarify their queries if needed. Please note that you don't have \n",
    "        #     direct control to MP but through multiple assistant agents to help you. \n",
    "        #     You need to provide complete context for them to do their job. \n",
    "        #     \"\"\").replace(\"\\n\", \" \")\n",
    "        # )\n",
    "        ],\n",
    "    \"early_stopping_method\": 'generate',\n",
    "}\n",
    "\n",
    "agent_executor = initialize_agent(\n",
    "    agent=AgentType.STRUCTURED_CHAT_ZERO_SHOT_REACT_DESCRIPTION,\n",
    "    tools=tools,\n",
    "    llm=llm,\n",
    "    verbose=True,\n",
    "    max_iterations=20,\n",
    "    memory=conversational_memory,\n",
    "    agent_kwargs=agent_kwargs,\n",
    "    handle_parsing_errors=True,\n",
    ")"
   ]
  },
  {
   "cell_type": "code",
   "execution_count": 3,
   "metadata": {},
   "outputs": [
    {
     "name": "stdout",
     "output_type": "stream",
     "text": [
      "\n",
      "\n",
      "\u001b[1m> Entering new AgentExecutor chain...\u001b[0m\n",
      "\u001b[32;1m\u001b[1;3mThe user is asking for the bulk modulus of several metals. The bulk modulus is a measure of a substance's resistance to uniform compression. This is a question that can be answered using the MPElasticityExpert tool. I'll ask for the bulk modulus of each metal in turn. Let's start with Scandium (Sc). \n",
      "Action:\n",
      "```\n",
      "{\n",
      "  \"action\": \"MPElasticityExpert\",\n",
      "  \"action_input\": \"What is the bulk modulus of Scandium?\"\n",
      "}\n",
      "```\u001b[0m\n",
      "\n",
      "\u001b[1m> Entering new AgentExecutor chain...\u001b[0m\n"
     ]
    },
    {
     "name": "stderr",
     "output_type": "stream",
     "text": [
      "/home/cyrus/miniconda3/envs/llamp/lib/python3.11/site-packages/mp_api/client/mprester.py:230: UserWarning: mpcontribs-client not installed. Install the package to query MPContribs data, or construct pourbaix diagrams: 'pip install mpcontribs-client'\n",
      "  warnings.warn(\n",
      "/home/cyrus/miniconda3/envs/llamp/lib/python3.11/site-packages/mp_api/client/mprester.py:230: UserWarning: mpcontribs-client not installed. Install the package to query MPContribs data, or construct pourbaix diagrams: 'pip install mpcontribs-client'\n",
      "  warnings.warn(\n"
     ]
    },
    {
     "name": "stdout",
     "output_type": "stream",
     "text": [
      "\u001b[32;1m\u001b[1;3m```\n",
      "{\n",
      "  \"action\": \"search_materials_elasticity__get\",\n",
      "  \"action_input\": {\n",
      "    \"formula\": \"Sc\"\n",
      "  }\n",
      "}\n",
      "```\u001b[0m{\"formula\": \"Sc\"}\n"
     ]
    },
    {
     "data": {
      "application/vnd.jupyter.widget-view+json": {
       "model_id": "7ad8ecbe061d428091a2c3e8b260b937",
       "version_major": 2,
       "version_minor": 0
      },
      "text/plain": [
       "Retrieving SummaryDoc documents:   0%|          | 0/10 [00:00<?, ?it/s]"
      ]
     },
     "metadata": {},
     "output_type": "display_data"
    },
    {
     "data": {
      "application/vnd.jupyter.widget-view+json": {
       "model_id": "e06d883ed4064e71a6f239342be82dd2",
       "version_major": 2,
       "version_minor": 0
      },
      "text/plain": [
       "Retrieving ElasticityDoc documents:   0%|          | 0/5 [00:00<?, ?it/s]"
      ]
     },
     "metadata": {},
     "output_type": "display_data"
    },
    {
     "name": "stdout",
     "output_type": "stream",
     "text": [
      "\u001b[36;1m\u001b[1;3m[{'formula_pretty': 'Sc', 'material_id': 'mp-67', 'elastic_tensor': {'raw': [[104.1574697321843, 33.47246975087911, 28.657494892576103, -3.3237301799715616e-15, -2.4841240175987874e-15, -3.219646771412953e-15], [33.47246975087911, 104.79312489326712, 28.815987273059456, -3.240463453124675e-15, -2.3314683517128283e-15, 1.2598438969896193e-16], [28.657494892576103, 28.815987273059456, 100.31066199213747, -2.5951463200613034e-15, -2.1649348980190553e-15, -1.998401444325281e-15], [-3.3237301799715616e-15, -3.240463453124675e-15, -2.5951463200613034e-15, 29.151276311960835, 0.0, 3.660620876684204e-31], [-2.4841240175987874e-15, -2.3314683517128283e-15, -2.1649348980190553e-15, 0.0, 29.127385170661007, -8.073238744599182e-16], [-3.219646771412953e-15, 1.2598438969896193e-16, -1.998401444325281e-15, 3.660620876684204e-31, -8.073238744599182e-16, 31.108619513703132]], 'ieee_format': [[102.0, 36.0, 29.0, 0.0, -0.0, -0.0], [36.0, 102.0, 29.0, 0.0, 0.0, -0.0], [29.0, 29.0, 100.0, 0.0, 0.0, -0.0], [-0.0, 0.0, 0.0, 29.0, -0.0, -0.0], [-0.0, 0.0, 0.0, -0.0, 29.0, 0.0], [-0.0, -0.0, -0.0, 0.0, 0.0, 33.0]]}}, {'formula_pretty': 'Sc', 'material_id': 'mp-567308', 'elastic_tensor': {'raw': [[30.637116420135353, 76.22951182594439, 23.922554467219044, 2.4980018054066017e-16, -2.081668171172168e-16, 1.249000902703301e-15], [76.22951182594439, 30.637116420135357, 23.922554467219044, 8.049116928532383e-16, 3.7470027081099023e-16, 2.870970009982554e-15], [23.922554467219044, 23.922554467219044, 102.0150090342541, -4.718447854656916e-16, -4.857225732735061e-16, -6.245004513516534e-17], [2.4980018054066017e-16, 8.049116928532383e-16, -4.718447854656916e-16, 20.48837896755918, 0.0, -5.883140694671042e-32], [-2.081668171172168e-16, 3.7470027081099023e-16, -4.857225732735061e-16, 0.0, 20.488378967559186, -5.730740854256758e-16], [1.249000902703301e-15, 2.870970009982554e-15, -6.245004513516534e-17, -5.883140694671042e-32, -5.730740854256758e-16, 31.890863438492516]], 'ieee_format': [[102.0, 24.0, 24.0, 0.0, 0.0, -0.0], [24.0, 31.0, 76.0, 0.0, 0.0, -0.0], [24.0, 76.0, 31.0, -0.0, 0.0, -0.0], [0.0, 0.0, -0.0, 32.0, -0.0, 0.0], [0.0, 0.0, 0.0, -0.0, 20.0, 0.0], [-0.0, -0.0, -0.0, 0.0, 0.0, 20.0]]}}, {'formula_pretty': 'Sc', 'material_id': 'mp-36', 'elastic_tensor': {'raw': [[69.26107774706311, 41.34563362150482, 41.34563362150482, -2.942091015256664e-15, -2.824129818890241e-15, -2.8033131371785195e-15], [41.34563362150482, 69.26107774706311, 41.34563362150482, -2.824129818890241e-15, -2.942091015256664e-15, 1.4972713146891558e-15], [41.34563362150482, 41.34563362150482, 69.26107774706313, -2.817190924986335e-15, -2.8033131371785207e-15, -2.942091015256664e-15], [-2.942091015256664e-15, -2.824129818890241e-15, -2.817190924986335e-15, 30.78737652446157, 0.0, 4.619354915815781e-31], [-2.824129818890241e-15, -2.942091015256664e-15, -2.8033131371785207e-15, 0.0, 30.78737652446158, -8.545213571315314e-16], [-2.8033131371785195e-15, 1.4972713146891558e-15, -2.942091015256664e-15, 4.619354915815781e-31, -8.545213571315314e-16, 30.787376524461592]], 'ieee_format': [[69.0, 41.0, 41.0, 0.0, 0.0, -0.0], [41.0, 69.0, 41.0, 0.0, 0.0, -0.0], [41.0, 41.0, 69.0, 0.0, -0.0, -0.0], [0.0, 0.0, 0.0, 31.0, -0.0, 0.0], [0.0, 0.0, -0.0, -0.0, 31.0, 0.0], [-0.0, -0.0, -0.0, -0.0, 0.0, 31.0]]}}, {'formula_pretty': 'Sc', 'material_id': 'mp-10641', 'elastic_tensor': {'raw': [[54.47824396252669, 52.530521565025694, 52.530521565025694, -5.107025913275719e-15, -4.496403249731883e-15, -4.45476988630844e-15], [52.530521565025694, 54.47824396252669, 52.53052156502571, -5.787037515858627e-15, -5.107025913275719e-15, 9.587662765099424e-16], [52.530521565025694, 52.53052156502571, 54.47824396252669, -5.828670879282073e-15, -5.828670879282073e-15, -5.1070259132757185e-15], [-5.107025913275719e-15, -5.787037515858627e-15, -5.828670879282073e-15, 32.07361813170136, 0.0, 8.018502872736827e-31], [-4.496403249731883e-15, -5.107025913275719e-15, -5.828670879282073e-15, 0.0, 32.073618131701366, -8.902217333212434e-16], [-4.45476988630844e-15, 9.587662765099424e-16, -5.1070259132757185e-15, 8.018502872736827e-31, -8.902217333212434e-16, 32.07361813170138]], 'ieee_format': [[54.0, 53.0, 53.0, -0.0, 0.0, 0.0], [53.0, 54.0, 53.0, -0.0, -0.0, 0.0], [53.0, 53.0, 54.0, -0.0, -0.0, 0.0], [-0.0, -0.0, -0.0, 32.0, 0.0, -0.0], [0.0, -0.0, -0.0, 0.0, 32.0, -0.0], [0.0, 0.0, 0.0, -0.0, -0.0, 32.0]]}}, {'formula_pretty': 'Sc', 'material_id': 'mp-1008681', 'elastic_tensor': {'raw': [[87.49398876252832, 11.577683509944523, 11.577683509944523, -4.649058915617842e-16, -5.689893001203926e-16, -5.551115123125782e-16], [11.577683509944523, 87.49398876252832, 11.577683509944524, -5.689893001203926e-16, -4.649058915617842e-16, 6.333255520125811e-16], [11.577683509944523, 11.577683509944524, 87.49398876252833, -5.551115123125783e-16, -5.551115123125783e-16, -4.649058915617841e-16], [-4.649058915617842e-16, -5.689893001203926e-16, -5.551115123125783e-16, -26.9511212318689, 0.0, 7.299452343388145e-32], [-5.689893001203926e-16, -4.649058915617842e-16, -5.551115123125783e-16, 0.0, -26.951121231868907, 7.480438832771188e-16], [-5.551115123125782e-16, 6.333255520125811e-16, -4.649058915617841e-16, 7.299452343388145e-32, 7.480438832771188e-16, -26.95112123186889]], 'ieee_format': [[87.0, 12.0, 12.0, 0.0, 0.0, 0.0], [12.0, 87.0, 12.0, 0.0, 0.0, 0.0], [12.0, 12.0, 87.0, 0.0, 0.0, 0.0], [0.0, 0.0, 0.0, -27.0, -0.0, -0.0], [0.0, 0.0, 0.0, -0.0, -27.0, 0.0], [0.0, 0.0, 0.0, -0.0, 0.0, -27.0]]}}]\u001b[0m\u001b[32;1m\u001b[1;3m```\n",
      "{\n",
      "  \"action\": \"Final Answer\",\n",
      "  \"action_input\": \"The bulk modulus of Scandium (Sc) is not available in the provided data.\"\n",
      "}\n",
      "```\u001b[0m\n",
      "\n",
      "\u001b[1m> Finished chain.\u001b[0m\n",
      "\n",
      "Observation: \u001b[33;1m\u001b[1;3m{'input': 'What is the bulk modulus of Scandium?', 'output': 'The bulk modulus of Scandium (Sc) is not available in the provided data.'}\u001b[0m\n",
      "Thought:\u001b[32;1m\u001b[1;3mIt seems that the bulk modulus of Scandium (Sc) is not available in the provided data. I should proceed to the next metal, Titanium (Ti), and see if that data is available. \n",
      "Action:\n",
      "```\n",
      "{\n",
      "  \"action\": \"MPElasticityExpert\",\n",
      "  \"action_input\": \"What is the bulk modulus of Titanium?\"\n",
      "}\n",
      "```\u001b[0m\n",
      "\n",
      "\u001b[1m> Entering new AgentExecutor chain...\u001b[0m\n"
     ]
    },
    {
     "name": "stderr",
     "output_type": "stream",
     "text": [
      "/home/cyrus/miniconda3/envs/llamp/lib/python3.11/site-packages/mp_api/client/mprester.py:230: UserWarning: mpcontribs-client not installed. Install the package to query MPContribs data, or construct pourbaix diagrams: 'pip install mpcontribs-client'\n",
      "  warnings.warn(\n",
      "/home/cyrus/miniconda3/envs/llamp/lib/python3.11/site-packages/mp_api/client/mprester.py:230: UserWarning: mpcontribs-client not installed. Install the package to query MPContribs data, or construct pourbaix diagrams: 'pip install mpcontribs-client'\n",
      "  warnings.warn(\n"
     ]
    },
    {
     "name": "stdout",
     "output_type": "stream",
     "text": [
      "\u001b[32;1m\u001b[1;3mAction:\n",
      "```\n",
      "{\n",
      "  \"action\": \"search_materials_elasticity__get\",\n",
      "  \"action_input\": {\n",
      "    \"formula\": \"Ti\"\n",
      "  }\n",
      "}\n",
      "```\u001b[0m{\"formula\": \"Ti\"}\n"
     ]
    },
    {
     "data": {
      "application/vnd.jupyter.widget-view+json": {
       "model_id": "07f984983c6d4be0a08d6c452b237928",
       "version_major": 2,
       "version_minor": 0
      },
      "text/plain": [
       "Retrieving SummaryDoc documents:   0%|          | 0/10 [00:00<?, ?it/s]"
      ]
     },
     "metadata": {},
     "output_type": "display_data"
    },
    {
     "data": {
      "application/vnd.jupyter.widget-view+json": {
       "model_id": "9c69e83ff7d64b27bfc9a7a60b15971c",
       "version_major": 2,
       "version_minor": 0
      },
      "text/plain": [
       "Retrieving ElasticityDoc documents:   0%|          | 0/4 [00:00<?, ?it/s]"
      ]
     },
     "metadata": {},
     "output_type": "display_data"
    },
    {
     "name": "stdout",
     "output_type": "stream",
     "text": [
      "\u001b[36;1m\u001b[1;3m[{'formula_pretty': 'Ti', 'material_id': 'mp-46', 'elastic_tensor': {'raw': [[184.14950156465784, 75.22674657870905, 74.97490786429583, -1.1657341758564142e-15, -7.771561172376094e-16, -8.604228440844961e-16], [75.22674657870905, 186.3611283841838, 75.01933957367555, -7.771561172376094e-16, -1.221245327087672e-15, 7.736050525743982e-15], [74.97490786429583, 75.01933957367555, 195.85902716255512, -6.245004513516505e-16, -5.967448757360216e-16, -5.551115123125781e-16], [-1.1657341758564142e-15, -7.771561172376094e-16, -6.245004513516505e-16, 42.30818213352947, 0.0, 1.9174680782631545e-31], [-7.771561172376094e-16, -1.221245327087672e-15, -5.967448757360216e-16, 0.0, 42.30984984650723, -1.1356958306790213e-15], [-8.604228440844961e-16, 7.736050525743982e-15, -5.551115123125781e-16, 1.9174680782631545e-31, -1.1356958306790213e-15, 45.23647492451884]], 'ieee_format': [[180.0, 80.0, 75.0, 0.0, -0.0, 0.0], [80.0, 180.0, 75.0, -0.0, 0.0, 0.0], [75.0, 75.0, 196.0, 0.0, 0.0, 0.0], [0.0, -0.0, 0.0, 42.0, 0.0, -0.0], [-0.0, 0.0, 0.0, 0.0, 42.0, 0.0], [0.0, -0.0, 0.0, -0.0, 0.0, 50.0]]}}, {'formula_pretty': 'Ti', 'material_id': 'mp-6985', 'elastic_tensor': {'raw': [[133.55809304709032, 96.03029355666722, 96.03029355666722, 4.218847493575594e-15, 5.551115123125782e-16, 8.326672684688672e-15], [96.03029355666722, 133.55809304709032, 96.03029355666725, 3.3306690738754686e-16, 4.218847493575594e-15, 1.8410212209503875e-14], [96.03029355666722, 96.03029355666725, 133.55809304709035, 4.4408920985006207e-16, 8.326672684688676e-15, 4.218847493575594e-15], [4.218847493575594e-15, 3.3306690738754686e-16, 4.4408920985006207e-16, 58.383173447088154, 0.0, -6.623980633999988e-31], [5.551115123125782e-16, 4.218847493575594e-15, 8.326672684688676e-15, 0.0, 58.38317344708817, -1.6204585852910346e-15], [8.326672684688672e-15, 1.8410212209503875e-14, 4.218847493575594e-15, -6.623980633999988e-31, -1.6204585852910346e-15, 58.3831734470882]], 'ieee_format': [[134.0, 96.0, 96.0, -0.0, -0.0, 0.0], [96.0, 134.0, 96.0, -0.0, -0.0, 0.0], [96.0, 96.0, 134.0, -0.0, 0.0, 0.0], [-0.0, -0.0, -0.0, 58.0, 0.0, -0.0], [-0.0, -0.0, 0.0, 0.0, 58.0, -0.0], [0.0, 0.0, 0.0, -0.0, -0.0, 58.0]]}}, {'formula_pretty': 'Ti', 'material_id': 'mp-73', 'elastic_tensor': {'raw': [[92.93290640498367, 120.10706630513904, 120.10706630513904, 2.664535259100375e-15, 2.442490654175344e-15, 1.9428902930940236e-15], [120.10706630513904, 92.93290640498367, 120.10706630513907, 3.219646771412953e-15, 2.664535259100375e-15, 1.491532337073321e-14], [120.10706630513904, 120.10706630513907, 92.93290640498365, 3.552713678800501e-15, 3.552713678800502e-15, 2.664535259100375e-15], [2.664535259100375e-15, 3.219646771412953e-15, 3.552713678800501e-15, 36.47494593206715, 0.0, -4.183566716210519e-31], [2.442490654175344e-15, 2.664535259100375e-15, 3.552713678800502e-15, 0.0, 36.474945932067165, -1.012383119893467e-15], [1.9428902930940236e-15, 1.491532337073321e-14, 2.664535259100375e-15, -4.183566716210519e-31, -1.012383119893467e-15, 36.474945932067186]], 'ieee_format': [[93.0, 120.0, 120.0, 0.0, -0.0, -0.0], [120.0, 93.0, 120.0, 0.0, -0.0, -0.0], [120.0, 120.0, 93.0, 0.0, 0.0, -0.0], [0.0, 0.0, 0.0, 36.0, -0.0, -0.0], [-0.0, -0.0, 0.0, -0.0, 36.0, 0.0], [-0.0, -0.0, -0.0, -0.0, 0.0, 36.0]]}}, {'formula_pretty': 'Ti', 'material_id': 'mp-72', 'elastic_tensor': {'raw': [[198.3952617443713, 81.00700507343413, 52.890796221634844, -2.775557561562891e-16, 1.6653345369377343e-16, -5.5511151231257815e-17], [81.00700507343413, 198.5848112559459, 52.986524769388595, 0.0, -1.9428902930940235e-16, 7.55738945746802e-15], [52.890796221634844, 52.986524769388595, 245.84712864405276, 1.6653345369377358e-16, 1.665334536937735e-16, -7.077671781985373e-16], [-2.775557561562891e-16, 0.0, 1.6653345369377358e-16, 53.79009296509353, 0.0, 3.0505173972368364e-32], [1.6653345369377343e-16, -1.9428902930940235e-16, 1.665334536937735e-16, 0.0, 53.78132621714636, -1.495294718663555e-15], [-5.5511151231257815e-17, 7.55738945746802e-15, -7.077671781985373e-16, 3.0505173972368364e-32, -1.495294718663555e-15, 58.345398149532954]], 'ieee_format': [[198.0, 81.0, 53.0, 0.0, -0.0, 0.0], [81.0, 198.0, 53.0, -0.0, 0.0, 0.0], [53.0, 53.0, 246.0, 0.0, 0.0, 0.0], [0.0, -0.0, 0.0, 54.0, 0.0, 0.0], [-0.0, -0.0, 0.0, 0.0, 54.0, 0.0], [0.0, 0.0, 0.0, 0.0, 0.0, 59.0]]}}]\u001b[0m\u001b[32;1m\u001b[1;3mCould not parse LLM output: The bulk modulus of Titanium (Ti) varies across different materials. Here are the bulk moduli for a few Titanium materials:\n",
      "\n",
      "1. mp-46: Bulk modulus = 180 GPa\n",
      "2. mp-6985: Bulk modulus = 134 GPa\n",
      "3. mp-73: Bulk modulus = 93 GPa\n",
      "4. mp-72: Bulk modulus = 198 GPa\n",
      "\n",
      "If you need more information or have any other questions, feel free to ask!\u001b[0mInvalid or incomplete response\u001b[32;1m\u001b[1;3m```\n",
      "{\n",
      "  \"action\": \"Final Answer\",\n",
      "  \"action_input\": \"The bulk modulus of Titanium (Ti) varies across different materials. Here are the bulk moduli for a few Titanium materials: 1. mp-46: Bulk modulus = 180 GPa 2. mp-6985: Bulk modulus = 134 GPa 3. mp-73: Bulk modulus = 93 GPa 4. mp-72: Bulk modulus = 198 GPa\"\n",
      "}\n",
      "```\u001b[0m\n",
      "\n",
      "\u001b[1m> Finished chain.\u001b[0m\n",
      "\n",
      "Observation: \u001b[33;1m\u001b[1;3m{'input': 'What is the bulk modulus of Titanium?', 'output': 'The bulk modulus of Titanium (Ti) varies across different materials. Here are the bulk moduli for a few Titanium materials: 1. mp-46: Bulk modulus = 180 GPa 2. mp-6985: Bulk modulus = 134 GPa 3. mp-73: Bulk modulus = 93 GPa 4. mp-72: Bulk modulus = 198 GPa'}\u001b[0m\n",
      "Thought:\u001b[32;1m\u001b[1;3mThe results show that the bulk modulus of Titanium (Ti) varies across different materials. The data provides a range of values. Next, I'll ask for the bulk modulus of the next metal, Vanadium (V). \n",
      "Action:\n",
      "```\n",
      "{\n",
      "  \"action\": \"MPElasticityExpert\",\n",
      "  \"action_input\": \"What is the bulk modulus of Vanadium?\"\n",
      "}\n",
      "```\u001b[0m\n",
      "\n",
      "\u001b[1m> Entering new AgentExecutor chain...\u001b[0m\n"
     ]
    },
    {
     "name": "stderr",
     "output_type": "stream",
     "text": [
      "/home/cyrus/miniconda3/envs/llamp/lib/python3.11/site-packages/mp_api/client/mprester.py:230: UserWarning: mpcontribs-client not installed. Install the package to query MPContribs data, or construct pourbaix diagrams: 'pip install mpcontribs-client'\n",
      "  warnings.warn(\n",
      "/home/cyrus/miniconda3/envs/llamp/lib/python3.11/site-packages/mp_api/client/mprester.py:230: UserWarning: mpcontribs-client not installed. Install the package to query MPContribs data, or construct pourbaix diagrams: 'pip install mpcontribs-client'\n",
      "  warnings.warn(\n"
     ]
    },
    {
     "name": "stdout",
     "output_type": "stream",
     "text": [
      "\u001b[32;1m\u001b[1;3mAction:\n",
      "```json\n",
      "{\n",
      "  \"action\": \"search_materials_elasticity__get\",\n",
      "  \"action_input\": {\n",
      "    \"formula\": \"V\"\n",
      "  }\n",
      "}\n",
      "```\u001b[0m{\"formula\": \"V\"}\n"
     ]
    },
    {
     "data": {
      "application/vnd.jupyter.widget-view+json": {
       "model_id": "0d389ab7739041ae9f65a46293848c9e",
       "version_major": 2,
       "version_minor": 0
      },
      "text/plain": [
       "Retrieving SummaryDoc documents:   0%|          | 0/3 [00:00<?, ?it/s]"
      ]
     },
     "metadata": {},
     "output_type": "display_data"
    },
    {
     "data": {
      "application/vnd.jupyter.widget-view+json": {
       "model_id": "6a7c6838ad8942028d29de10a063cf23",
       "version_major": 2,
       "version_minor": 0
      },
      "text/plain": [
       "Retrieving ElasticityDoc documents:   0%|          | 0/2 [00:00<?, ?it/s]"
      ]
     },
     "metadata": {},
     "output_type": "display_data"
    },
    {
     "name": "stdout",
     "output_type": "stream",
     "text": [
      "\u001b[36;1m\u001b[1;3m[{'formula_pretty': 'V', 'material_id': 'mp-8632', 'elastic_tensor': {'raw': [[11.305802247628042, 259.4003165939513, 259.4003165939513, -1.398881011027697e-14, -1.2101430968414203e-14, -1.398881011027697e-14], [259.4003165939513, 11.305802247628042, 259.4003165939513, -1.3877787807814454e-14, -1.398881011027697e-14, 1.483667396605015e-14], [259.4003165939513, 259.4003165939513, 11.305802247627987, -1.1213252548714083e-14, -1.3988810110276974e-14, -1.398881011027697e-14], [-1.398881011027697e-14, -1.3877787807814454e-14, -1.1213252548714083e-14, 0.5718949566517355, 0.0, 2.1963725260105224e-30], [-1.2101430968414203e-14, -1.398881011027697e-14, -1.3988810110276974e-14, 0.0, 0.5718949566517354, -1.5873273713546345e-17], [-1.398881011027697e-14, 1.483667396605015e-14, -1.398881011027697e-14, 2.1963725260105224e-30, -1.5873273713546345e-17, 0.5718949566517382]], 'ieee_format': [[11.0, 259.0, 259.0, -0.0, -0.0, 0.0], [259.0, 11.0, 259.0, -0.0, 0.0, 0.0], [259.0, 259.0, 11.0, -0.0, 0.0, 0.0], [-0.0, -0.0, -0.0, 1.0, 0.0, -0.0], [-0.0, 0.0, 0.0, 0.0, 1.0, -0.0], [0.0, 0.0, 0.0, -0.0, -0.0, 1.0]]}}, {'formula_pretty': 'V', 'material_id': 'mp-146', 'elastic_tensor': {'raw': [[270.90594781799047, 136.3956209533348, 136.3956209533348, 1.221245327087672e-15, 0.0, -1.1102230246251563e-16], [136.3956209533348, 270.90594781799047, 136.3956209533348, -1.3877787807814453e-15, 1.221245327087672e-15, 1.4164360314154043e-14], [136.3956209533348, 136.3956209533348, 270.9059478179905, -1.2767564783189304e-15, -1.2767564783189302e-15, 1.2212453270876724e-15], [1.221245327087672e-15, -1.3877787807814453e-15, -1.2767564783189304e-15, 28.7813004896299, 0.0, -1.9174680782631545e-31], [0.0, 1.221245327087672e-15, -1.2767564783189302e-15, 0.0, 28.781300489629906, -7.988415620560609e-16], [-1.1102230246251563e-16, 1.4164360314154043e-14, 1.2212453270876724e-15, -1.9174680782631545e-31, -7.988415620560609e-16, 28.781300489629967]], 'ieee_format': [[271.0, 136.0, 136.0, -0.0, -0.0, 0.0], [136.0, 271.0, 136.0, -0.0, -0.0, 0.0], [136.0, 136.0, 271.0, -0.0, 0.0, 0.0], [-0.0, -0.0, -0.0, 29.0, 0.0, -0.0], [-0.0, -0.0, 0.0, 0.0, 29.0, -0.0], [0.0, 0.0, 0.0, -0.0, -0.0, 29.0]]}}]\u001b[0m\u001b[32;1m\u001b[1;3mCould not parse LLM output: The bulk modulus of Vanadium (V) is approximately 271 GPa for the material with material_id 'mp-146'.\u001b[0mInvalid or incomplete response\u001b[32;1m\u001b[1;3m{\n",
      "  \"action\": \"search_materials_elasticity__get\",\n",
      "  \"action_input\": {\n",
      "    \"formula\": \"V\",\n",
      "    \"limit\": 1\n",
      "  }\n",
      "}\u001b[0m{\"formula\": \"V\", \"limit\": 1}\n"
     ]
    },
    {
     "data": {
      "application/vnd.jupyter.widget-view+json": {
       "model_id": "bcb773c4c3bf4daab48fb79ef50eb233",
       "version_major": 2,
       "version_minor": 0
      },
      "text/plain": [
       "Retrieving SummaryDoc documents:   0%|          | 0/3 [00:00<?, ?it/s]"
      ]
     },
     "metadata": {},
     "output_type": "display_data"
    },
    {
     "data": {
      "application/vnd.jupyter.widget-view+json": {
       "model_id": "519bb312cb08424a925290dab0c69c2b",
       "version_major": 2,
       "version_minor": 0
      },
      "text/plain": [
       "Retrieving ElasticityDoc documents:   0%|          | 0/2 [00:00<?, ?it/s]"
      ]
     },
     "metadata": {},
     "output_type": "display_data"
    },
    {
     "name": "stdout",
     "output_type": "stream",
     "text": [
      "\u001b[36;1m\u001b[1;3m[{'formula_pretty': 'V', 'material_id': 'mp-8632', 'elastic_tensor': {'raw': [[11.305802247628042, 259.4003165939513, 259.4003165939513, -1.398881011027697e-14, -1.2101430968414203e-14, -1.398881011027697e-14], [259.4003165939513, 11.305802247628042, 259.4003165939513, -1.3877787807814454e-14, -1.398881011027697e-14, 1.483667396605015e-14], [259.4003165939513, 259.4003165939513, 11.305802247627987, -1.1213252548714083e-14, -1.3988810110276974e-14, -1.398881011027697e-14], [-1.398881011027697e-14, -1.3877787807814454e-14, -1.1213252548714083e-14, 0.5718949566517355, 0.0, 2.1963725260105224e-30], [-1.2101430968414203e-14, -1.398881011027697e-14, -1.3988810110276974e-14, 0.0, 0.5718949566517354, -1.5873273713546345e-17], [-1.398881011027697e-14, 1.483667396605015e-14, -1.398881011027697e-14, 2.1963725260105224e-30, -1.5873273713546345e-17, 0.5718949566517382]], 'ieee_format': [[11.0, 259.0, 259.0, -0.0, -0.0, 0.0], [259.0, 11.0, 259.0, -0.0, 0.0, 0.0], [259.0, 259.0, 11.0, -0.0, 0.0, 0.0], [-0.0, -0.0, -0.0, 1.0, 0.0, -0.0], [-0.0, 0.0, 0.0, 0.0, 1.0, -0.0], [0.0, 0.0, 0.0, -0.0, -0.0, 1.0]]}}]\u001b[0m\u001b[32;1m\u001b[1;3m{\n",
      "  \"action\": \"Final Answer\",\n",
      "  \"action_input\": \"The bulk modulus of Vanadium (V) is approximately 271 GPa for the material with material_id 'mp-146'.\"\n",
      "}\u001b[0m\n",
      "\n",
      "\u001b[1m> Finished chain.\u001b[0m\n",
      "\n",
      "Observation: \u001b[33;1m\u001b[1;3m{'input': 'What is the bulk modulus of Vanadium?', 'output': \"The bulk modulus of Vanadium (V) is approximately 271 GPa for the material with material_id 'mp-146'.\"}\u001b[0m\n",
      "Thought:\u001b[32;1m\u001b[1;3mThe bulk modulus of Vanadium (V) is approximately 271 GPa for the material with material_id 'mp-146'. Now, I will move on to the next metal, Chromium (Cr). \n",
      "Action:\n",
      "```\n",
      "{\n",
      "  \"action\": \"MPElasticityExpert\",\n",
      "  \"action_input\": \"What is the bulk modulus of Chromium?\"\n",
      "}\n",
      "```\u001b[0m\n",
      "\n",
      "\u001b[1m> Entering new AgentExecutor chain...\u001b[0m\n"
     ]
    },
    {
     "name": "stderr",
     "output_type": "stream",
     "text": [
      "/home/cyrus/miniconda3/envs/llamp/lib/python3.11/site-packages/mp_api/client/mprester.py:230: UserWarning: mpcontribs-client not installed. Install the package to query MPContribs data, or construct pourbaix diagrams: 'pip install mpcontribs-client'\n",
      "  warnings.warn(\n",
      "/home/cyrus/miniconda3/envs/llamp/lib/python3.11/site-packages/mp_api/client/mprester.py:230: UserWarning: mpcontribs-client not installed. Install the package to query MPContribs data, or construct pourbaix diagrams: 'pip install mpcontribs-client'\n",
      "  warnings.warn(\n"
     ]
    },
    {
     "name": "stdout",
     "output_type": "stream",
     "text": [
      "\u001b[32;1m\u001b[1;3mAction:\n",
      "```\n",
      "{\n",
      "  \"action\": \"search_materials_elasticity__get\",\n",
      "  \"action_input\": {\n",
      "    \"formula\": \"Cr\"\n",
      "  }\n",
      "}\n",
      "```\u001b[0m{\"formula\": \"Cr\"}\n"
     ]
    },
    {
     "data": {
      "application/vnd.jupyter.widget-view+json": {
       "model_id": "c927df304a814f56a91d73a6278212aa",
       "version_major": 2,
       "version_minor": 0
      },
      "text/plain": [
       "Retrieving SummaryDoc documents:   0%|          | 0/6 [00:00<?, ?it/s]"
      ]
     },
     "metadata": {},
     "output_type": "display_data"
    },
    {
     "data": {
      "application/vnd.jupyter.widget-view+json": {
       "model_id": "c9a907217dc74b948e0ccb48d5500df0",
       "version_major": 2,
       "version_minor": 0
      },
      "text/plain": [
       "Retrieving ElasticityDoc documents:   0%|          | 0/3 [00:00<?, ?it/s]"
      ]
     },
     "metadata": {},
     "output_type": "display_data"
    },
    {
     "name": "stdout",
     "output_type": "stream",
     "text": [
      "\u001b[36;1m\u001b[1;3m[{'formula_pretty': 'Cr', 'material_id': 'mp-17', 'elastic_tensor': {'raw': [[479.9846412549466, 138.24074803385002, 138.24074803385002, -1.0547118733938985e-15, -7.771561172376094e-16, -2.2204460492503126e-16], [138.24074803385002, 479.9846412549466, 138.24074803385002, 1.1102230246251563e-16, -1.0547118733938985e-15, 1.357881624876348e-14], [138.24074803385002, 138.24074803385002, 479.9846412549467, -6.661338147750939e-16, -2.2204460492503126e-16, -1.0547118733938987e-15], [-1.0547118733938985e-15, 1.1102230246251563e-16, -6.661338147750939e-16, 89.28885300406719, 0.0, 1.655995158499997e-31], [-7.771561172376094e-16, -1.0547118733938985e-15, -2.2204460492503126e-16, 0.0, 89.2888530040672, -2.4782635111871626e-15], [-2.2204460492503126e-16, 1.357881624876348e-14, -1.0547118733938987e-15, 1.655995158499997e-31, -2.4782635111871626e-15, 89.2888530040673]], 'ieee_format': [[480.0, 138.0, 138.0, 0.0, 0.0, -0.0], [138.0, 480.0, 138.0, -0.0, 0.0, 0.0], [138.0, 138.0, 480.0, 0.0, -0.0, 0.0], [0.0, -0.0, 0.0, 89.0, -0.0, -0.0], [0.0, 0.0, -0.0, -0.0, 89.0, 0.0], [-0.0, 0.0, 0.0, -0.0, 0.0, 89.0]]}}, {'formula_pretty': 'Cr', 'material_id': 'mp-90', 'elastic_tensor': {'raw': [[291.81025778900755, 208.97463658446202, 200.92561697491695, 0.0023225707068606828, -15.511773812884709, 0.0076713949160213644], [208.97463658446202, 282.2128427076075, 196.4253335046846, 0.005974477993859894, -7.334372824762768, 0.007343665510329661], [200.92561697491695, 196.4253335046846, 320.6606468043381, 0.006274721564621695, -0.004433409588381882, 0.0033888991969141273], [0.0023225707068606828, 0.005974477993859894, 0.006274721564621695, 113.40556617020364, 0.0024462425701595445, -42.475616918231964], [-15.511773812884709, -7.334372824762768, -0.004433409588381882, 0.0024462425701595445, 126.54599971556607, 0.0010403584479700796], [0.0076713949160213644, 0.007343665510329661, 0.0033888991969141273, -42.475616918231964, 0.0010403584479700796, 96.97699334706603]], 'ieee_format': [[395.0, 154.0, 154.0, -0.0, 0.0, 0.0], [154.0, 395.0, 154.0, -0.0, 0.0, 0.0], [154.0, 154.0, 395.0, -0.0, 0.0, 0.0], [-0.0, -0.0, -0.0, 64.0, 0.0, 0.0], [0.0, 0.0, 0.0, 0.0, 64.0, -0.0], [0.0, 0.0, 0.0, 0.0, -0.0, 64.0]]}}, {'formula_pretty': 'Cr', 'material_id': 'mp-8633', 'elastic_tensor': {'raw': [[4.943127819397849, 348.3954441324147, 348.3954441324147, -3.330669073875469e-15, -4.773959005888172e-15, -7.771561172376094e-15], [348.3954441324147, 4.943127819397849, 348.3954441324147, -1.9984014443252814e-15, -3.330669073875469e-15, 2.840847575263336e-14], [348.3954441324147, 348.3954441324147, 4.9431278193977715, -2.1094237467877974e-15, -7.771561172376097e-15, -3.3306690738754684e-15], [-3.330669073875469e-15, -1.9984014443252814e-15, -2.1094237467877974e-15, -95.75829568205428, 0.0, 5.229458395263148e-31], [-4.773959005888172e-15, -3.330669073875469e-15, -7.771561172376097e-15, 0.0, -95.7582956820543, 2.6578266166270065e-15], [-7.771561172376094e-15, 2.840847575263336e-14, -3.3306690738754684e-15, 5.229458395263148e-31, 2.6578266166270065e-15, -95.7582956820543]], 'ieee_format': [[5.0, 348.0, 348.0, -0.0, -0.0, 0.0], [348.0, 5.0, 348.0, -0.0, 0.0, 0.0], [348.0, 348.0, 5.0, -0.0, 0.0, 0.0], [-0.0, -0.0, -0.0, -96.0, -0.0, -0.0], [-0.0, 0.0, 0.0, -0.0, -96.0, 0.0], [0.0, 0.0, 0.0, -0.0, 0.0, -96.0]]}}]\u001b[0m\u001b[32;1m\u001b[1;3mThought: The bulk modulus can be calculated from the elastic tensor. I will extract the bulk modulus from the elastic tensor data for Chromium and provide the value.\n",
      "\n",
      "Action:\n",
      "```\n",
      "{\n",
      "  \"action\": \"Final Answer\",\n",
      "  \"action_input\": \"The bulk modulus of Chromium (mp-17) is 480.0 GPa, (mp-90) is 395.0 GPa, and (mp-8633) is 5.0 GPa.\"\n",
      "}\n",
      "```\u001b[0m\n",
      "\n",
      "\u001b[1m> Finished chain.\u001b[0m\n",
      "\n",
      "Observation: \u001b[33;1m\u001b[1;3m{'input': 'What is the bulk modulus of Chromium?', 'output': 'The bulk modulus of Chromium (mp-17) is 480.0 GPa, (mp-90) is 395.0 GPa, and (mp-8633) is 5.0 GPa.'}\u001b[0m\n",
      "Thought:\u001b[32;1m\u001b[1;3mThe bulk modulus of Chromium (Cr) varies depending on the specific material, with provided values ranging from 5.0 GPa to 480.0 GPa. The next metal to inquire about is Manganese (Mn). \n",
      "Action:\n",
      "```\n",
      "{\n",
      "  \"action\": \"MPElasticityExpert\",\n",
      "  \"action_input\": \"What is the bulk modulus of Manganese?\"\n",
      "}\n",
      "```\u001b[0m\n",
      "\n",
      "\u001b[1m> Entering new AgentExecutor chain...\u001b[0m\n"
     ]
    },
    {
     "name": "stderr",
     "output_type": "stream",
     "text": [
      "/home/cyrus/miniconda3/envs/llamp/lib/python3.11/site-packages/mp_api/client/mprester.py:230: UserWarning: mpcontribs-client not installed. Install the package to query MPContribs data, or construct pourbaix diagrams: 'pip install mpcontribs-client'\n",
      "  warnings.warn(\n",
      "/home/cyrus/miniconda3/envs/llamp/lib/python3.11/site-packages/mp_api/client/mprester.py:230: UserWarning: mpcontribs-client not installed. Install the package to query MPContribs data, or construct pourbaix diagrams: 'pip install mpcontribs-client'\n",
      "  warnings.warn(\n"
     ]
    },
    {
     "name": "stdout",
     "output_type": "stream",
     "text": [
      "\u001b[32;1m\u001b[1;3mAction:\n",
      "```\n",
      "{\n",
      "  \"action\": \"search_materials_elasticity__get\",\n",
      "  \"action_input\": {\n",
