{
 "cells": [
  {
   "cell_type": "code",
   "execution_count": 1,
   "metadata": {},
   "outputs": [],
   "source": [
    "import os\n",
    "import re\n",
    "import tempfile\n",
    "from monty.tempfile import ScratchDir\n",
    "\n",
    "from dotenv import load_dotenv\n",
    "from langchain import hub\n",
    "from langchain.agents import load_tools\n",
    "from langchain_experimental.tools import PythonREPLTool\n",
    "from langchain.agents import create_react_agent, AgentExecutor\n",
    "from langchain.chains.conversation.memory import ConversationBufferWindowMemory\n",
    "from langchain_openai import ChatOpenAI\n",
    "from langchain_community.chat_models import ChatOllama\n",
    "from langchain_google_genai import GoogleGenerativeAI\n",
    "from langchain.tools import ArxivQueryRun, WikipediaQueryRun\n",
    "from langchain.utilities import ArxivAPIWrapper, WikipediaAPIWrapper\n",
    "\n",
    "from langchain.callbacks.streaming_stdout import StreamingStdOutCallbackHandler\n",
    "\n",
    "from llamp.mp.agents import (\n",
    "    MPSummaryExpert,\n",
    "    MPThermoExpert,\n",
    "    MPElasticityExpert,\n",
    "    MPDielectricExpert,\n",
    "    MPPiezoelectricExpert,\n",
    "    MPMagnetismExpert,\n",
    "    MPElectronicExpert,\n",
    "    MPSynthesisExpert,\n",
    "    MPStructureRetriever,\n",
    ")\n",
    "from llamp.atomate2.agents import MLFFMDAgent\n",
    "# from llamp.arxiv.agents import ArxivAgent\n",
    "\n",
    "load_dotenv()\n",
    "\n",
    "MP_API_KEY = os.getenv(\"MP_API_KEY\", None)\n",
    "\n",
    "OPENAI_API_KEY = os.getenv(\"OPENAI_API_KEY\", None)\n",
    "OPENAI_ORGANIZATION = os.getenv(\"OPENAI_ORGANIZATION\", None)\n",
    "GOOGLE_API_KEY = os.getenv(\"GOOGLE_API_KEY\", None)\n",
    "\n",
    "OPENAI_GPT_MODEL = \"gpt-4-1106-preview\"\n",
    "# OPENAI_GPT_MODEL = \"gpt-4-0125-preview\"\n",
    "# OPENAI_GPT_MODEL = \"gpt-3.5-turbo-1106\"\n",
    "# OPENAI_GPT_MODEL = \"gpt-4-turbo\""
   ]
  },
  {
   "cell_type": "code",
   "execution_count": 2,
   "metadata": {},
   "outputs": [],
   "source": [
    "top_llm = ChatOpenAI(\n",
    "    temperature=0.1,\n",
    "    model=OPENAI_GPT_MODEL,\n",
    "    openai_api_key=OPENAI_API_KEY,\n",
    "    openai_organization=OPENAI_ORGANIZATION,\n",
    "    streaming=True,\n",
    "    callbacks=[StreamingStdOutCallbackHandler()],\n",
    ")\n",
    "\n",
    "bottom_callback_handler = StreamingStdOutCallbackHandler()\n",
    "\n",
    "bottom_llm = ChatOpenAI(\n",
    "    temperature=0.0,\n",
    "    model=OPENAI_GPT_MODEL,\n",
    "    openai_api_key=OPENAI_API_KEY,\n",
    "    openai_organization=OPENAI_ORGANIZATION,\n",
    "    max_retries=5,\n",
    "    streaming=True,\n",
    "    callbacks=[bottom_callback_handler],\n",
    ")\n",
    "\n",
    "\n",
    "wikipedia = WikipediaQueryRun(api_wrapper=WikipediaAPIWrapper())\n",
    "arxiv = ArxivQueryRun(api_wrapper=ArxivAPIWrapper())\n",
    "\n",
    "tools = load_tools([\"llm-math\"], llm=bottom_llm)\n",
    "tools += [PythonREPLTool(\n",
    "    description=re.sub(\n",
    "        r\"\\s+\",\n",
    "        \" \",\n",
    "        \"\"\"A Python shell. Use this to execute python commands.\n",
    "        Input should be a valid python command.\n",
    "        \n",
    "        TIPS:\n",
    "        - If you want to see the output of a value, you should print it out\n",
    "        with `print(...)`.\n",
    "        - If you write any file to a local file system, you should ALWAYS \n",
    "        print the paths to the files as well.\n",
    "        - If you plot any graph, you should show the graph, save it to local \n",
    "        and print the path to the image file.\n",
    "        - Combine all your output string together and print once together in\n",
    "        JSON format at the end of the code.\n",
    "        \"\"\"\n",
    "    )\n",
    ")]\n",
    "tools += [\n",
    "    MPThermoExpert(llm=bottom_llm, mp_api_key=MP_API_KEY).as_tool(\n",
    "        agent_kwargs=dict(return_intermediate_steps=False)\n",
    "    ),\n",
    "    MPElasticityExpert(llm=bottom_llm, mp_api_key=MP_API_KEY).as_tool(\n",
    "        agent_kwargs=dict(return_intermediate_steps=False)\n",
    "    ),\n",
    "    MPDielectricExpert(llm=bottom_llm, mp_api_key=MP_API_KEY).as_tool(\n",
    "        agent_kwargs=dict(return_intermediate_steps=False)\n",
    "    ),\n",
    "    MPMagnetismExpert(llm=bottom_llm, mp_api_key=MP_API_KEY).as_tool(\n",
    "        agent_kwargs=dict(return_intermediate_steps=False)\n",
    "    ),\n",
    "    MPElectronicExpert(llm=bottom_llm, mp_api_key=MP_API_KEY).as_tool(\n",
    "        agent_kwargs=dict(return_intermediate_steps=False)\n",
    "    ),\n",
    "    MPPiezoelectricExpert(llm=bottom_llm, mp_api_key=MP_API_KEY).as_tool(\n",
    "        agent_kwargs=dict(return_intermediate_steps=False)\n",
    "    ),\n",
    "    MPSummaryExpert(llm=bottom_llm, mp_api_key=MP_API_KEY).as_tool(\n",
    "        agent_kwargs=dict(return_intermediate_steps=False)\n",
    "    ),\n",
    "    MPSynthesisExpert(llm=bottom_llm, mp_api_key=MP_API_KEY).as_tool(\n",
    "        agent_kwargs=dict(return_intermediate_steps=False)\n",
    "    ),\n",
    "    MPStructureRetriever(llm=bottom_llm, mp_api_key=MP_API_KEY).as_tool(\n",
    "        agent_kwargs=dict(return_intermediate_steps=False)\n",
    "    ),\n",
    "    MLFFMDAgent(llm=bottom_llm).as_tool(\n",
    "        agent_kwargs=dict(return_intermediate_steps=False)\n",
    "    ),\n",
    "    arxiv,\n",
    "    wikipedia,\n",
    "]\n",
    "\n",
    "instructions = re.sub(\n",
    "    r\"\\s+\",\n",
    "    \" \",\n",
    "    \"\"\"You name is LLaMP and you are a helpful agent that can consult \n",
    "    materials-related data through Materials Project (MP) database, arXiv, \n",
    "    Wikipedia, and run calculations/simulations via a python REPL and MP atomate2 \n",
    "    computational workflow.     \n",
    "        \n",
    "    If you get an error, debug your code and try again. Only use \n",
    "    the output of your code to answer the question. Ask user to clarify their \n",
    "    queries if needed. Please note that you don't have direct control over MP but \n",
    "    through multiple assistant agents to help you. You need to provide complete \n",
    "    context in the input for assistants to do their job. REFINE and CRITQUE the \n",
    "    output of the assistants if needed. You can end the conversation by saying \"Bye\".\n",
    "    \"\"\",\n",
    "    )\n",
    "base_prompt = hub.pull(\"langchain-ai/react-agent-template\")\n",
    "prompt = base_prompt.partial(instructions=instructions)\n",
    "\n",
    "conversational_memory = ConversationBufferWindowMemory(\n",
    "    memory_key=\"chat_history\", k=5, return_messages=True\n",
    ")\n",
    "\n",
    "agent = create_react_agent(top_llm, tools, prompt)\n",
    "agent_executor = AgentExecutor(\n",
    "    agent=agent, tools=tools, verbose=True,\n",
    "    handle_parsing_errors=True,\n",
    "    memory=conversational_memory,\n",
    ")"
   ]
  },
  {
   "cell_type": "code",
   "execution_count": 3,
   "metadata": {},
   "outputs": [
    {
     "name": "stdout",
     "output_type": "stream",
     "text": [
      "Query: \n",
      "What are the bulk moduli of the following metals: Sc, Ti, V, Cr, Mn, Fe, Co, Ni, Cu, Zn?\n",
      "\n",
      "\n",
      "\n",
      "\u001b[1m> Entering new AgentExecutor chain...\u001b[0m\n",
      "Thought: Do I need to use a tool? Yes\n",
      "Action: MPElasticityExpert\n",
      "Action Input: What are the bulk moduli of the metals Sc, Ti, V, Cr, Mn, Fe, Co, Ni, Cu, Zn?\u001b[32;1m\u001b[1;3mThought: Do I need to use a tool? Yes\n",
      "Action: MPElasticityExpert\n",
      "Action Input: What are the bulk moduli of the metals Sc, Ti, V, Cr, Mn, Fe, Co, Ni, Cu, Zn?\u001b[0m\n",
      "\n",
      "\u001b[1m> Entering new AgentExecutor chain...\u001b[0m\n",
      "Action:\n",
      "```json\n",
      "{\n",
      "  \"action\": \"search_materials_elasticity__get\",\n",
      "  \"action_input\": {\n",
      "    \"chemsys\": \"Sc,Ti,V,Cr,Mn,Fe,Co,Ni,Cu,Zn\",\n",
      "    \"fields\": \"material_id,formula_pretty,bulk_modulus\",\n",
      "    \"limit\": 100\n",
      "  }\n",
      "}\n",
      "```\u001b[32;1m\u001b[1;3mAction:\n",
      "```json\n",
      "{\n",
      "  \"action\": \"search_materials_elasticity__get\",\n",
      "  \"action_input\": {\n",
      "    \"chemsys\": \"Sc,Ti,V,Cr,Mn,Fe,Co,Ni,Cu,Zn\",\n",
      "    \"fields\": \"material_id,formula_pretty,bulk_modulus\",\n",
      "    \"limit\": 100\n",
      "  }\n",
      "}\n",
      "```\u001b[0m"
     ]
    },
    {
     "data": {
      "application/vnd.jupyter.widget-view+json": {
       "model_id": "3dc1649b840c42e98fc7c9f83780635b",
       "version_major": 2,
       "version_minor": 0
      },
      "text/plain": [
       "Retrieving ElasticityDoc documents:   0%|          | 0/31 [00:00<?, ?it/s]"
      ]
     },
     "metadata": {},
     "output_type": "display_data"
    },
    {
     "name": "stdout",
     "output_type": "stream",
     "text": [
      "\u001b[36;1m\u001b[1;3m[{'formula_pretty': 'Mn', 'material_id': 'mp-8634', 'elastic_tensor': {'raw': [[373.2739394440482, 234.80113805678454, 234.80113805678437, -3.3306690738754686e-16, 5.662137425588297e-15, -3.5527136788005e-15], [234.80113805678454, 373.2739394440482, 234.8011380567845, 5.107025913275719e-15, 8.88178419700125e-16, 2.060878055985351e-14], [234.80113805678437, 234.8011380567845, 373.27393944404827, 5.551115123125784e-15, -3.5527136788005025e-15, 8.881784197001248e-16], [-3.3306690738754686e-16, 5.107025913275719e-15, 5.551115123125784e-15, 175.5821115697779, 0.0, -1.3945222387368396e-31], [5.662137425588297e-15, 8.88178419700125e-16, -3.5527136788005025e-15, 0.0, 175.5821115697779, -4.8733825744267615e-15], [-3.5527136788005e-15, 2.060878055985351e-14, 8.881784197001248e-16, -1.3945222387368396e-31, -4.8733825744267615e-15, 175.582111569778]], 'ieee_format': [[373.0, 235.0, 235.0, 0.0, 0.0, -0.0], [235.0, 373.0, 235.0, 0.0, -0.0, -0.0], [235.0, 235.0, 373.0, 0.0, -0.0, -0.0], [0.0, 0.0, 0.0, 176.0, -0.0, -0.0], [0.0, -0.0, -0.0, -0.0, 176.0, 0.0], [-0.0, -0.0, -0.0, -0.0, 0.0, 176.0]]}, 'bulk_modulus': {'voigt': 280.959, 'reuss': 280.959, 'vrh': 280.959}, 'thermal_conductivity': {'clarke': 1.506728501428328, 'cahill': 1.686750367692947}, 'young_modulus': None, 'universal_anisotropy': 1.116, 'homogeneous_poisson': 0.312}, {'formula_pretty': 'Mn', 'material_id': 'mp-542909', 'elastic_tensor': {'raw': [[332.4317317813877, 206.83220898927868, 206.83220898927868, -8.88178419700125e-16, -0.034916720803018546, 1.2339493803671953], [206.83220898927868, 332.43173178138795, 206.8322089892788, 1.0170437512724282e-05, -5.551115123125782e-16, 1.2339536076938857], [206.83220898927868, 206.8322089892788, 332.4317317813879, 1.0106286606692551e-05, 0.03492630616351257, 0.631956641624844], [-8.88178419700125e-16, 1.0170437512724282e-05, 1.0106286606692551e-05, 96.65241554716556, 0.0, 8.715763992105247e-32], [-0.034916720803018546, -5.551115123125782e-16, 0.03492630616351257, 0.0, 96.6524557080522, -2.7116986979121184e-15], [1.2339493803671953, 1.2339536076938857, 0.631956641624844, 8.715763992105247e-32, -2.7116986979121184e-15, 95.98694113386948]], 'ieee_format': [[332.0, 207.0, 207.0, 0.0, 0.0, 0.0], [207.0, 332.0, 207.0, 0.0, 0.0, 0.0], [207.0, 207.0, 332.0, 0.0, 0.0, 0.0], [0.0, 0.0, 0.0, 97.0, -0.0, -0.0], [0.0, 0.0, 0.0, -0.0, 96.0, 0.0], [0.0, 0.0, 0.0, -0.0, 0.0, 96.0]]}, 'bulk_modulus': {'voigt': 248.699, 'reuss': 248.688, 'vrh': 248.693}, 'thermal_conductivity': {'clarke': 1.2505791466662894, 'cahill': 1.443599493682919}, 'young_modulus': None, 'universal_anisotropy': 0.224, 'homogeneous_poisson': 0.353}, {'formula_pretty': 'Fe', 'material_id': 'mp-568345', 'elastic_tensor': {'raw': [[428.0401727591902, -7.708102473816239, -7.708102473816239, 2.2204460492503126e-16, 0.0, 0.0], [-7.708102473816239, 428.0401727591902, -7.708102473816241, 0.0, 2.2204460492503126e-16, -8.004680796527137e-16], [-7.708102473816239, -7.708102473816241, 428.04017275919034, -3.486305596842099e-32, 0.0, 2.220446049250313e-16], [2.2204460492503126e-16, 0.0, -3.486305596842099e-32, -66.03043594091886, 0.0, -3.486305596842099e-32], [0.0, 2.2204460492503126e-16, 0.0, 0.0, -66.03043594091888, 1.8327127576911146e-15], [0.0, -8.004680796527137e-16, 2.220446049250313e-16, -3.486305596842099e-32, 1.8327127576911146e-15, -66.03043594091878]], 'ieee_format': [[428.0, -8.0, -8.0, 0.0, -0.0, 0.0], [-8.0, 428.0, -8.0, 0.0, 0.0, -0.0], [-8.0, -8.0, 428.0, -0.0, 0.0, -0.0], [0.0, 0.0, -0.0, -66.0, 0.0, 0.0], [-0.0, 0.0, 0.0, 0.0, -66.0, 0.0], [0.0, -0.0, -0.0, 0.0, 0.0, -66.0]]}, 'bulk_modulus': {'voigt': 137.541, 'reuss': 137.541, 'vrh': 137.541}, 'thermal_conductivity': None, 'young_modulus': None, 'universal_anisotropy': -6.723, 'homogeneous_poisson': 0.684}, {'formula_pretty': 'Fe', 'material_id': 'mp-13', 'elastic_tensor': {'raw': [[304.6138605243007, 164.32192428373142, 161.47756279646148, 0.00959782740567405, -44.9227280479162, 0.015243010038755101], [164.32192428373142, 275.3706887455405, 155.2223716509495, 0.020783299796543017, 24.990009116835864, 0.01825412347018773], [161.47756279646148, 155.2223716509495, 327.69642303012995, 0.018774652966968012, 0.013266359421023324, 0.008274900542928848], [0.00959782740567405, 0.020783299796543017, 0.018774652966968012, 76.62706534574426, 0.00614664002936019, 14.805872693412036], [-44.9227280479162, 24.990009116835864, 0.013266359421023324, 0.00614664002936019, 75.60462170854075, 0.0041421855069886555], [0.015243010038755101, 0.01825412347018773, 0.008274900542928848, 14.805872693412036, 0.0041421855069886555, 70.434198124599]], 'ieee_format': [[274.0, 175.0, 175.0, 0.0, 0.0, 0.0], [175.0, 274.0, 175.0, 0.0, 0.0, 0.0], [175.0, 175.0, 274.0, 0.0, 0.0, 0.0], [0.0, 0.0, 0.0, 89.0, 0.0, 0.0], [0.0, 0.0, 0.0, 0.0, 89.0, 0.0], [0.0, 0.0, 0.0, 0.0, 0.0, 89.0]]}, 'bulk_modulus': {'voigt': 207.747, 'reuss': 206.439, 'vrh': 207.093}, 'thermal_conductivity': {'clarke': 1.1236704979548615, 'cahill': 1.2972336210447601}, 'young_modulus': None, 'universal_anisotropy': 0.878, 'homogeneous_poisson': 0.353}, {'formula_pretty': 'Fe', 'material_id': 'mp-150', 'elastic_tensor': {'raw': [[5.082891311344186, 249.75031927914773, 249.75031927914773, 2.7200464103316327e-15, 2.442490654175344e-15, 1.3045120539345587e-15], [249.75031927914773, 5.082891311344186, 249.7503192791478, 2.2482016248659416e-15, 2.7200464103316327e-15, 2.7601310238497606e-14], [249.75031927914773, 249.7503192791478, 5.082891311344132, 2.609024107869118e-15, 1.3045120539345587e-15, 2.720046410331633e-15], [2.7200464103316327e-15, 2.2482016248659416e-15, 2.609024107869118e-15, -36.19576724976288, 0.0, -4.270724356131571e-31], [2.442490654175344e-15, 2.7200464103316327e-15, 1.3045120539345587e-15, 0.0, -36.19576724976289, 1.0046343548664963e-15], [1.3045120539345587e-15, 2.7601310238497606e-14, 2.720046410331633e-15, -4.270724356131571e-31, 1.0046343548664963e-15, -36.19576724976289]], 'ieee_format': [[5.0, 250.0, 250.0, -0.0, -0.0, 0.0], [250.0, 5.0, 250.0, -0.0, -0.0, 0.0], [250.0, 250.0, 5.0, -0.0, 0.0, 0.0], [-0.0, -0.0, -0.0, -36.0, -0.0, -0.0], [-0.0, -0.0, 0.0, -0.0, -36.0, 0.0], [0.0, 0.0, 0.0, -0.0, 0.0, -36.0]]}, 'bulk_modulus': {'voigt': 168.195, 'reuss': 168.195, 'vrh': 168.195}, 'thermal_conductivity': None, 'young_modulus': None, 'universal_anisotropy': 2.011, 'homogeneous_poisson': 0.704}, {'formula_pretty': 'Fe', 'material_id': 'mp-136', 'elastic_tensor': {'raw': [[533.1049561765178, 179.90963906823504, 155.99496312976856, 9.714451465470118e-15, -1.2989609388114328e-14, 2.7755575615628906e-15], [179.90963906823504, 527.5690949703794, 153.63137470367502, 9.547918011776345e-15, -1.3933298959045711e-14, 2.8474848866768495e-14], [155.99496312976856, 153.63137470367502, 624.2810588699431, 7.327471962526033e-15, -1.3544720900426911e-14, 5.551115123125764e-16], [9.714451465470118e-15, 9.547918011776345e-15, 7.327471962526033e-15, 168.93500235013536, 0.0, 2.187656762018417e-30], [-1.2989609388114328e-14, -1.3933298959045711e-14, -1.3544720900426911e-14, 0.0, 168.42688381862257, -4.37996423834296e-15], [2.7755575615628906e-15, 2.8474848866768495e-14, 5.551115123125764e-16, 2.187656762018417e-30, -4.37996423834296e-15, 171.94797365144507]], 'ieee_format': [[529.0, 182.0, 155.0, -0.0, -0.0, 0.0], [182.0, 529.0, 155.0, -0.0, -0.0, 0.0], [155.0, 155.0, 624.0, 0.0, 0.0, 0.0], [-0.0, -0.0, 0.0, 169.0, 0.0, 0.0], [-0.0, 0.0, 0.0, 0.0, 169.0, 0.0], [0.0, 0.0, 0.0, 0.0, -0.0, 174.0]]}, 'bulk_modulus': {'voigt': 296.003, 'reuss': 295.207, 'vrh': 295.605}, 'thermal_conductivity': {'clarke': 1.7950246897067383, 'cahill': 1.9621944524254349}, 'young_modulus': None, 'universal_anisotropy': 0.063, 'homogeneous_poisson': 0.246}, {'formula_pretty': 'V', 'material_id': 'mp-146', 'elastic_tensor': {'raw': [[270.90594781799047, 136.3956209533348, 136.3956209533348, 1.221245327087672e-15, 0.0, -1.1102230246251563e-16], [136.3956209533348, 270.90594781799047, 136.3956209533348, -1.3877787807814453e-15, 1.221245327087672e-15, 1.4164360314154043e-14], [136.3956209533348, 136.3956209533348, 270.9059478179905, -1.2767564783189304e-15, -1.2767564783189302e-15, 1.2212453270876724e-15], [1.221245327087672e-15, -1.3877787807814453e-15, -1.2767564783189304e-15, 28.7813004896299, 0.0, -1.9174680782631545e-31], [0.0, 1.221245327087672e-15, -1.2767564783189302e-15, 0.0, 28.781300489629906, -7.988415620560609e-16], [-1.1102230246251563e-16, 1.4164360314154043e-14, 1.2212453270876724e-15, -1.9174680782631545e-31, -7.988415620560609e-16, 28.781300489629967]], 'ieee_format': [[271.0, 136.0, 136.0, -0.0, -0.0, 0.0], [136.0, 271.0, 136.0, -0.0, -0.0, 0.0], [136.0, 136.0, 271.0, -0.0, 0.0, 0.0], [-0.0, -0.0, -0.0, 29.0, 0.0, -0.0], [-0.0, -0.0, 0.0, 0.0, 29.0, -0.0], [0.0, 0.0, 0.0, -0.0, -0.0, 29.0]]}, 'bulk_modulus': {'voigt': 181.232, 'reuss': 181.232, 'vrh': 181.232}, 'thermal_conductivity': {'clarke': 0.9029430471594264, 'cahill': 1.1033393249699155}, 'young_modulus': None, 'universal_anisotropy': 0.918, 'homogeneous_poisson': 0.395}, {'formula_pretty': 'V', 'material_id': 'mp-8632', 'elastic_tensor': {'raw': [[11.305802247628042, 259.4003165939513, 259.4003165939513, -1.398881011027697e-14, -1.2101430968414203e-14, -1.398881011027697e-14], [259.4003165939513, 11.305802247628042, 259.4003165939513, -1.3877787807814454e-14, -1.398881011027697e-14, 1.483667396605015e-14], [259.4003165939513, 259.4003165939513, 11.305802247627987, -1.1213252548714083e-14, -1.3988810110276974e-14, -1.398881011027697e-14], [-1.398881011027697e-14, -1.3877787807814454e-14, -1.1213252548714083e-14, 0.5718949566517355, 0.0, 2.1963725260105224e-30], [-1.2101430968414203e-14, -1.398881011027697e-14, -1.3988810110276974e-14, 0.0, 0.5718949566517354, -1.5873273713546345e-17], [-1.398881011027697e-14, 1.483667396605015e-14, -1.398881011027697e-14, 2.1963725260105224e-30, -1.5873273713546345e-17, 0.5718949566517382]], 'ieee_format': [[11.0, 259.0, 259.0, -0.0, -0.0, 0.0], [259.0, 11.0, 259.0, -0.0, 0.0, 0.0], [259.0, 259.0, 11.0, -0.0, 0.0, 0.0], [-0.0, -0.0, -0.0, 1.0, 0.0, -0.0], [-0.0, 0.0, 0.0, 0.0, 1.0, -0.0], [0.0, 0.0, 0.0, -0.0, -0.0, 1.0]]}, 'bulk_modulus': {'voigt': 176.702, 'reuss': 176.702, 'vrh': 176.702}, 'thermal_conductivity': None, 'young_modulus': None, 'universal_anisotropy': -262.692, 'homogeneous_poisson': 0.572}, {'formula_pretty': 'Cr', 'material_id': 'mp-17', 'elastic_tensor': {'raw': [[479.9846412549466, 138.24074803385002, 138.24074803385002, -1.0547118733938985e-15, -7.771561172376094e-16, -2.2204460492503126e-16], [138.24074803385002, 479.9846412549466, 138.24074803385002, 1.1102230246251563e-16, -1.0547118733938985e-15, 1.357881624876348e-14], [138.24074803385002, 138.24074803385002, 479.9846412549467, -6.661338147750939e-16, -2.2204460492503126e-16, -1.0547118733938987e-15], [-1.0547118733938985e-15, 1.1102230246251563e-16, -6.661338147750939e-16, 89.28885300406719, 0.0, 1.655995158499997e-31], [-7.771561172376094e-16, -1.0547118733938985e-15, -2.2204460492503126e-16, 0.0, 89.2888530040672, -2.4782635111871626e-15], [-2.2204460492503126e-16, 1.357881624876348e-14, -1.0547118733938987e-15, 1.655995158499997e-31, -2.4782635111871626e-15, 89.2888530040673]], 'ieee_format': [[480.0, 138.0, 138.0, 0.0, 0.0, -0.0], [138.0, 480.0, 138.0, -0.0, 0.0, 0.0], [138.0, 138.0, 480.0, 0.0, -0.0, 0.0], [0.0, -0.0, 0.0, 89.0, -0.0, -0.0], [0.0, 0.0, -0.0, -0.0, 89.0, 0.0], [-0.0, 0.0, 0.0, -0.0, 0.0, 89.0]]}, 'bulk_modulus': {'voigt': 252.155, 'reuss': 252.155, 'vrh': 252.155}, 'thermal_conductivity': {'clarke': 1.4900420588801804, 'cahill': 1.658126982018002}, 'young_modulus': None, 'universal_anisotropy': 0.523, 'homogeneous_poisson': 0.3}, {'formula_pretty': 'Cr', 'material_id': 'mp-8633', 'elastic_tensor': {'raw': [[4.943127819397849, 348.3954441324147, 348.3954441324147, -3.330669073875469e-15, -4.773959005888172e-15, -7.771561172376094e-15], [348.3954441324147, 4.943127819397849, 348.3954441324147, -1.9984014443252814e-15, -3.330669073875469e-15, 2.840847575263336e-14], [348.3954441324147, 348.3954441324147, 4.9431278193977715, -2.1094237467877974e-15, -7.771561172376097e-15, -3.3306690738754684e-15], [-3.330669073875469e-15, -1.9984014443252814e-15, -2.1094237467877974e-15, -95.75829568205428, 0.0, 5.229458395263148e-31], [-4.773959005888172e-15, -3.330669073875469e-15, -7.771561172376097e-15, 0.0, -95.7582956820543, 2.6578266166270065e-15], [-7.771561172376094e-15, 2.840847575263336e-14, -3.3306690738754684e-15, 5.229458395263148e-31, 2.6578266166270065e-15, -95.7582956820543]], 'ieee_format': [[5.0, 348.0, 348.0, -0.0, -0.0, 0.0], [348.0, 5.0, 348.0, -0.0, 0.0, 0.0], [348.0, 348.0, 5.0, -0.0, 0.0, 0.0], [-0.0, -0.0, -0.0, -96.0, -0.0, -0.0], [-0.0, 0.0, 0.0, -0.0, -96.0, 0.0], [0.0, 0.0, 0.0, -0.0, 0.0, -96.0]]}, 'bulk_modulus': {'voigt': 233.911, 'reuss': 233.911, 'vrh': 233.911}, 'thermal_conductivity': None, 'young_modulus': None, 'universal_anisotropy': 0.421, 'homogeneous_poisson': 0.813}, {'formula_pretty': 'Cr', 'material_id': 'mp-90', 'elastic_tensor': {'raw': [[291.81025778900755, 208.97463658446202, 200.92561697491695, 0.0023225707068606828, -15.511773812884709, 0.0076713949160213644], [208.97463658446202, 282.2128427076075, 196.4253335046846, 0.005974477993859894, -7.334372824762768, 0.007343665510329661], [200.92561697491695, 196.4253335046846, 320.6606468043381, 0.006274721564621695, -0.004433409588381882, 0.0033888991969141273], [0.0023225707068606828, 0.005974477993859894, 0.006274721564621695, 113.40556617020364, 0.0024462425701595445, -42.475616918231964], [-15.511773812884709, -7.334372824762768, -0.004433409588381882, 0.0024462425701595445, 126.54599971556607, 0.0010403584479700796], [0.0076713949160213644, 0.007343665510329661, 0.0033888991969141273, -42.475616918231964, 0.0010403584479700796, 96.97699334706603]], 'ieee_format': [[395.0, 154.0, 154.0, -0.0, 0.0, 0.0], [154.0, 395.0, 154.0, -0.0, 0.0, 0.0], [154.0, 154.0, 395.0, -0.0, 0.0, 0.0], [-0.0, -0.0, -0.0, 64.0, 0.0, 0.0], [0.0, 0.0, 0.0, 0.0, 64.0, -0.0], [0.0, 0.0, 0.0, 0.0, -0.0, 64.0]]}, 'bulk_modulus': {'voigt': 234.148, 'reuss': 233.156, 'vrh': 233.652}, 'thermal_conductivity': {'clarke': 1.2348964803287694, 'cahill': 1.423858085873154}, 'young_modulus': None, 'universal_anisotropy': 1.436, 'homogeneous_poisson': 0.352}, {'formula_pretty': 'Sc', 'material_id': 'mp-10641', 'elastic_tensor': {'raw': [[54.47824396252669, 52.530521565025694, 52.530521565025694, -5.107025913275719e-15, -4.496403249731883e-15, -4.45476988630844e-15], [52.530521565025694, 54.47824396252669, 52.53052156502571, -5.787037515858627e-15, -5.107025913275719e-15, 9.587662765099424e-16], [52.530521565025694, 52.53052156502571, 54.47824396252669, -5.828670879282073e-15, -5.828670879282073e-15, -5.1070259132757185e-15], [-5.107025913275719e-15, -5.787037515858627e-15, -5.828670879282073e-15, 32.07361813170136, 0.0, 8.018502872736827e-31], [-4.496403249731883e-15, -5.107025913275719e-15, -5.828670879282073e-15, 0.0, 32.073618131701366, -8.902217333212434e-16], [-4.45476988630844e-15, 9.587662765099424e-16, -5.1070259132757185e-15, 8.018502872736827e-31, -8.902217333212434e-16, 32.07361813170138]], 'ieee_format': [[54.0, 53.0, 53.0, -0.0, 0.0, 0.0], [53.0, 54.0, 53.0, -0.0, -0.0, 0.0], [53.0, 53.0, 54.0, -0.0, -0.0, 0.0], [-0.0, -0.0, -0.0, 32.0, 0.0, -0.0], [0.0, -0.0, -0.0, 0.0, 32.0, -0.0], [0.0, 0.0, 0.0, -0.0, -0.0, 32.0]]}, 'bulk_modulus': {'voigt': 53.18, 'reuss': 53.18, 'vrh': 53.18}, 'thermal_conductivity': {'clarke': 0.45172143719330177, 'cahill': 0.5604980107988113}, 'young_modulus': None, 'universal_anisotropy': 37.158, 'homogeneous_poisson': 0.403}, {'formula_pretty': 'Sc', 'material_id': 'mp-36', 'elastic_tensor': {'raw': [[69.26107774706311, 41.34563362150482, 41.34563362150482, -2.942091015256664e-15, -2.824129818890241e-15, -2.8033131371785195e-15], [41.34563362150482, 69.26107774706311, 41.34563362150482, -2.824129818890241e-15, -2.942091015256664e-15, 1.4972713146891558e-15], [41.34563362150482, 41.34563362150482, 69.26107774706313, -2.817190924986335e-15, -2.8033131371785207e-15, -2.942091015256664e-15], [-2.942091015256664e-15, -2.824129818890241e-15, -2.817190924986335e-15, 30.78737652446157, 0.0, 4.619354915815781e-31], [-2.824129818890241e-15, -2.942091015256664e-15, -2.8033131371785207e-15, 0.0, 30.78737652446158, -8.545213571315314e-16], [-2.8033131371785195e-15, 1.4972713146891558e-15, -2.942091015256664e-15, 4.619354915815781e-31, -8.545213571315314e-16, 30.787376524461592]], 'ieee_format': [[69.0, 41.0, 41.0, 0.0, 0.0, -0.0], [41.0, 69.0, 41.0, 0.0, 0.0, -0.0], [41.0, 41.0, 69.0, 0.0, -0.0, -0.0], [0.0, 0.0, 0.0, 31.0, -0.0, 0.0], [0.0, 0.0, -0.0, -0.0, 31.0, 0.0], [-0.0, -0.0, -0.0, -0.0, 0.0, 31.0]]}, 'bulk_modulus': {'voigt': 50.651, 'reuss': 50.651, 'vrh': 50.651}, 'thermal_conductivity': {'clarke': 0.6236795023189885, 'cahill': 0.696431970818092}, 'young_modulus': None, 'universal_anisotropy': 0.791, 'homogeneous_poisson': 0.307}, {'formula_pretty': 'Sc', 'material_id': 'mp-567308', 'elastic_tensor': {'raw': [[30.637116420135353, 76.22951182594439, 23.922554467219044, 2.4980018054066017e-16, -2.081668171172168e-16, 1.249000902703301e-15], [76.22951182594439, 30.637116420135357, 23.922554467219044, 8.049116928532383e-16, 3.7470027081099023e-16, 2.870970009982554e-15], [23.922554467219044, 23.922554467219044, 102.0150090342541, -4.718447854656916e-16, -4.857225732735061e-16, -6.245004513516534e-17], [2.4980018054066017e-16, 8.049116928532383e-16, -4.718447854656916e-16, 20.48837896755918, 0.0, -5.883140694671042e-32], [-2.081668171172168e-16, 3.7470027081099023e-16, -4.857225732735061e-16, 0.0, 20.488378967559186, -5.730740854256758e-16], [1.249000902703301e-15, 2.870970009982554e-15, -6.245004513516534e-17, -5.883140694671042e-32, -5.730740854256758e-16, 31.890863438492516]], 'ieee_format': [[102.0, 24.0, 24.0, 0.0, 0.0, -0.0], [24.0, 31.0, 76.0, 0.0, 0.0, -0.0], [24.0, 76.0, 31.0, -0.0, 0.0, -0.0], [0.0, 0.0, -0.0, 32.0, -0.0, 0.0], [0.0, 0.0, 0.0, -0.0, 20.0, 0.0], [-0.0, -0.0, -0.0, 0.0, 0.0, 20.0]]}, 'bulk_modulus': {'voigt': 45.715, 'reuss': 45.34, 'vrh': 45.528}, 'thermal_conductivity': {'clarke': 0.7008415367714267, 'cahill': 0.7634135028369804}, 'young_modulus': None, 'universal_anisotropy': -3.046, 'homogeneous_poisson': 0.225}, {'formula_pretty': 'Sc', 'material_id': 'mp-67', 'elastic_tensor': {'raw': [[104.1574697321843, 33.47246975087911, 28.657494892576103, -3.3237301799715616e-15, -2.4841240175987874e-15, -3.219646771412953e-15], [33.47246975087911, 104.79312489326712, 28.815987273059456, -3.240463453124675e-15, -2.3314683517128283e-15, 1.2598438969896193e-16], [28.657494892576103, 28.815987273059456, 100.31066199213747, -2.5951463200613034e-15, -2.1649348980190553e-15, -1.998401444325281e-15], [-3.3237301799715616e-15, -3.240463453124675e-15, -2.5951463200613034e-15, 29.151276311960835, 0.0, 3.660620876684204e-31], [-2.4841240175987874e-15, -2.3314683517128283e-15, -2.1649348980190553e-15, 0.0, 29.127385170661007, -8.073238744599182e-16], [-3.219646771412953e-15, 1.2598438969896193e-16, -1.998401444325281e-15, 3.660620876684204e-31, -8.073238744599182e-16, 31.108619513703132]], 'ieee_format': [[102.0, 36.0, 29.0, 0.0, -0.0, -0.0], [36.0, 102.0, 29.0, 0.0, 0.0, -0.0], [29.0, 29.0, 100.0, 0.0, 0.0, -0.0], [-0.0, 0.0, 0.0, 29.0, -0.0, -0.0], [-0.0, 0.0, 0.0, -0.0, 29.0, 0.0], [-0.0, -0.0, -0.0, 0.0, 0.0, 33.0]]}, 'bulk_modulus': {'voigt': 54.573, 'reuss': 54.493, 'vrh': 54.533}, 'thermal_conductivity': {'clarke': 0.7326200515976454, 'cahill': 0.8019952934722719}, 'young_modulus': None, 'universal_anisotropy': 0.055, 'homogeneous_poisson': 0.253}, {'formula_pretty': 'Sc', 'material_id': 'mp-1008681', 'elastic_tensor': {'raw': [[87.49398876252832, 11.577683509944523, 11.577683509944523, -4.649058915617842e-16, -5.689893001203926e-16, -5.551115123125782e-16], [11.577683509944523, 87.49398876252832, 11.577683509944524, -5.689893001203926e-16, -4.649058915617842e-16, 6.333255520125811e-16], [11.577683509944523, 11.577683509944524, 87.49398876252833, -5.551115123125783e-16, -5.551115123125783e-16, -4.649058915617841e-16], [-4.649058915617842e-16, -5.689893001203926e-16, -5.551115123125783e-16, -26.9511212318689, 0.0, 7.299452343388145e-32], [-5.689893001203926e-16, -4.649058915617842e-16, -5.551115123125783e-16, 0.0, -26.951121231868907, 7.480438832771188e-16], [-5.551115123125782e-16, 6.333255520125811e-16, -4.649058915617841e-16, 7.299452343388145e-32, 7.480438832771188e-16, -26.95112123186889]], 'ieee_format': [[87.0, 12.0, 12.0, 0.0, 0.0, 0.0], [12.0, 87.0, 12.0, 0.0, 0.0, 0.0], [12.0, 12.0, 87.0, 0.0, 0.0, 0.0], [0.0, 0.0, 0.0, -27.0, -0.0, -0.0], [0.0, 0.0, 0.0, -0.0, -27.0, 0.0], [0.0, 0.0, 0.0, -0.0, 0.0, -27.0]]}, 'bulk_modulus': {'voigt': 36.883, 'reuss': 36.883, 'vrh': 36.883}, 'thermal_conductivity': None, 'young_modulus': None, 'universal_anisotropy': -4.942, 'homogeneous_poisson': 1.458}, {'formula_pretty': 'Ti', 'material_id': 'mp-72', 'elastic_tensor': {'raw': [[198.3952617443713, 81.00700507343413, 52.890796221634844, -2.775557561562891e-16, 1.6653345369377343e-16, -5.5511151231257815e-17], [81.00700507343413, 198.5848112559459, 52.986524769388595, 0.0, -1.9428902930940235e-16, 7.55738945746802e-15], [52.890796221634844, 52.986524769388595, 245.84712864405276, 1.6653345369377358e-16, 1.665334536937735e-16, -7.077671781985373e-16], [-2.775557561562891e-16, 0.0, 1.6653345369377358e-16, 53.79009296509353, 0.0, 3.0505173972368364e-32], [1.6653345369377343e-16, -1.9428902930940235e-16, 1.665334536937735e-16, 0.0, 53.78132621714636, -1.495294718663555e-15], [-5.5511151231257815e-17, 7.55738945746802e-15, -7.077671781985373e-16, 3.0505173972368364e-32, -1.495294718663555e-15, 58.345398149532954]], 'ieee_format': [[198.0, 81.0, 53.0, 0.0, -0.0, 0.0], [81.0, 198.0, 53.0, -0.0, 0.0, 0.0], [53.0, 53.0, 246.0, 0.0, 0.0, 0.0], [0.0, -0.0, 0.0, 54.0, 0.0, 0.0], [-0.0, -0.0, 0.0, 0.0, 54.0, 0.0], [0.0, 0.0, 0.0, 0.0, 0.0, 59.0]]}, 'bulk_modulus': {'voigt': 112.955, 'reuss': 112.807, 'vrh': 112.881}, 'thermal_conductivity': {'clarke': 1.0539539912118592, 'cahill': 1.1580420556226376}, 'young_modulus': None, 'universal_anisotropy': 0.22, 'homogeneous_poisson': 0.267}, {'formula_pretty': 'Ti', 'material_id': 'mp-46', 'elastic_tensor': {'raw': [[184.14950156465784, 75.22674657870905, 74.97490786429583, -1.1657341758564142e-15, -7.771561172376094e-16, -8.604228440844961e-16], [75.22674657870905, 186.3611283841838, 75.01933957367555, -7.771561172376094e-16, -1.221245327087672e-15, 7.736050525743982e-15], [74.97490786429583, 75.01933957367555, 195.85902716255512, -6.245004513516505e-16, -5.967448757360216e-16, -5.551115123125781e-16], [-1.1657341758564142e-15, -7.771561172376094e-16, -6.245004513516505e-16, 42.30818213352947, 0.0, 1.9174680782631545e-31], [-7.771561172376094e-16, -1.221245327087672e-15, -5.967448757360216e-16, 0.0, 42.30984984650723, -1.1356958306790213e-15], [-8.604228440844961e-16, 7.736050525743982e-15, -5.551115123125781e-16, 1.9174680782631545e-31, -1.1356958306790213e-15, 45.23647492451884]], 'ieee_format': [[180.0, 80.0, 75.0, 0.0, -0.0, 0.0], [80.0, 180.0, 75.0, -0.0, 0.0, 0.0], [75.0, 75.0, 196.0, 0.0, 0.0, 0.0], [0.0, -0.0, 0.0, 42.0, 0.0, -0.0], [-0.0, 0.0, 0.0, 0.0, 42.0, 0.0], [0.0, -0.0, 0.0, -0.0, 0.0, 50.0]]}, 'bulk_modulus': {'voigt': 112.979, 'reuss': 112.908, 'vrh': 112.944}, 'thermal_conductivity': {'clarke': 0.9423824851846598, 'cahill': 1.0556759183675577}, 'young_modulus': None, 'universal_anisotropy': 0.096, 'homogeneous_poisson': 0.313}, {'formula_pretty': 'Ti', 'material_id': 'mp-73', 'elastic_tensor': {'raw': [[92.93290640498367, 120.10706630513904, 120.10706630513904, 2.664535259100375e-15, 2.442490654175344e-15, 1.9428902930940236e-15], [120.10706630513904, 92.93290640498367, 120.10706630513907, 3.219646771412953e-15, 2.664535259100375e-15, 1.491532337073321e-14], [120.10706630513904, 120.10706630513907, 92.93290640498365, 3.552713678800501e-15, 3.552713678800502e-15, 2.664535259100375e-15], [2.664535259100375e-15, 3.219646771412953e-15, 3.552713678800501e-15, 36.47494593206715, 0.0, -4.183566716210519e-31], [2.442490654175344e-15, 2.664535259100375e-15, 3.552713678800502e-15, 0.0, 36.474945932067165, -1.012383119893467e-15], [1.9428902930940236e-15, 1.491532337073321e-14, 2.664535259100375e-15, -4.183566716210519e-31, -1.012383119893467e-15, 36.474945932067186]], 'ieee_format': [[93.0, 120.0, 120.0, 0.0, -0.0, -0.0], [120.0, 93.0, 120.0, 0.0, -0.0, -0.0], [120.0, 120.0, 93.0, 0.0, 0.0, -0.0], [0.0, 0.0, 0.0, 36.0, -0.0, -0.0], [-0.0, -0.0, 0.0, -0.0, 36.0, 0.0], [-0.0, -0.0, -0.0, -0.0, 0.0, 36.0]]}, 'bulk_modulus': {'voigt': 111.049, 'reuss': 111.049, 'vrh': 111.049}, 'thermal_conductivity': None, 'young_modulus': None, 'universal_anisotropy': -6.068, 'homogeneous_poisson': 0.65}, {'formula_pretty': 'Ti', 'material_id': 'mp-6985', 'elastic_tensor': {'raw': [[133.55809304709032, 96.03029355666722, 96.03029355666722, 4.218847493575594e-15, 5.551115123125782e-16, 8.326672684688672e-15], [96.03029355666722, 133.55809304709032, 96.03029355666725, 3.3306690738754686e-16, 4.218847493575594e-15, 1.8410212209503875e-14], [96.03029355666722, 96.03029355666725, 133.55809304709035, 4.4408920985006207e-16, 8.326672684688676e-15, 4.218847493575594e-15], [4.218847493575594e-15, 3.3306690738754686e-16, 4.4408920985006207e-16, 58.383173447088154, 0.0, -6.623980633999988e-31], [5.551115123125782e-16, 4.218847493575594e-15, 8.326672684688676e-15, 0.0, 58.38317344708817, -1.6204585852910346e-15], [8.326672684688672e-15, 1.8410212209503875e-14, 4.218847493575594e-15, -6.623980633999988e-31, -1.6204585852910346e-15, 58.3831734470882]], 'ieee_format': [[134.0, 96.0, 96.0, -0.0, -0.0, 0.0], [96.0, 134.0, 96.0, -0.0, -0.0, 0.0], [96.0, 96.0, 134.0, -0.0, 0.0, 0.0], [-0.0, -0.0, -0.0, 58.0, 0.0, -0.0], [-0.0, -0.0, 0.0, 0.0, 58.0, -0.0], [0.0, 0.0, 0.0, -0.0, -0.0, 58.0]]}, 'bulk_modulus': {'voigt': 108.54, 'reuss': 108.54, 'vrh': 108.54}, 'thermal_conductivity': {'clarke': 0.8369574187689753, 'cahill': 0.9605837874116169}, 'young_modulus': None, 'universal_anisotropy': 1.719, 'homogeneous_poisson': 0.347}, {'formula_pretty': 'Co', 'material_id': 'mp-102', 'elastic_tensor': {'raw': [[308.1610982424445, 146.8005868698505, 146.8005868698505, -6.96331881044898e-13, -6.96331881044898e-13, -6.679101716144941e-13], [146.8005868698505, 308.1610982424445, 146.80058686985052, -6.536993168992921e-13, -6.96331881044898e-13, -6.810869898070391e-13], [146.8005868698505, 146.80058686985052, 308.16109824244455, -6.679101716144942e-13, -6.679101716144942e-13, -6.96331881044898e-13], [-6.96331881044898e-13, -6.536993168992921e-13, -6.679101716144942e-13, 157.14983791830278, 0.0, 1.0933054351696823e-28], [-6.96331881044898e-13, -6.96331881044898e-13, -6.679101716144942e-13, 0.0, 157.1498379183028, -4.361784209325264e-15], [-6.679101716144941e-13, -6.810869898070391e-13, -6.96331881044898e-13, 1.0933054351696823e-28, -4.361784209325264e-15, 157.14983791830286]], 'ieee_format': [[308.0, 147.0, 147.0, 0.0, 0.0, -0.0], [147.0, 308.0, 147.0, 0.0, -0.0, -0.0], [147.0, 147.0, 308.0, 0.0, -0.0, -0.0], [0.0, 0.0, 0.0, 157.0, -0.0, -0.0], [0.0, 0.0, -0.0, -0.0, 157.0, 0.0], [-0.0, -0.0, -0.0, -0.0, 0.0, 157.0]]}, 'bulk_modulus': {'voigt': 200.587, 'reuss': 200.587, 'vrh': 200.587}, 'thermal_conductivity': {'clarke': 1.4127530894055789, 'cahill': 1.545570603081021}, 'young_modulus': None, 'universal_anisotropy': 0.553, 'homogeneous_poisson': 0.25}, {'formula_pretty': 'Co', 'material_id': 'mp-54', 'elastic_tensor': {'raw': [[-977.4267831634983, -1179.726889968987, -1223.1185616306934, -6.110667527536861e-13, -6.110667527536861e-13, -7.239209232068331e-13], [-1179.726889968987, -979.0362607822183, -1223.1004603914128, -6.039613253960851e-13, -6.110667527536861e-13, -8.623447465812633e-13], [-1223.1185616306934, -1223.1004603914128, -939.8227236992175, -6.110667527536862e-13, -5.826450433232822e-13, -7.280634428674657e-13], [-6.110667527536861e-13, -6.039613253960851e-13, -6.110667527536862e-13, 58.34098508184848, 0.0, 9.594313002509456e-29], [-6.110667527536861e-13, -6.110667527536861e-13, -5.826450433232822e-13, 0.0, 58.33533773051697, -1.1793342239258304e-15], [-7.239209232068331e-13, -8.623447465812633e-13, -7.280634428674657e-13, 9.594313002509456e-29, -1.1793342239258304e-15, 112.86557326660859]], 'ieee_format': [[-972.0, -1186.0, -1223.0, 0.0, 0.0, 0.0], [-1186.0, -972.0, -1223.0, 0.0, -0.0, 0.0], [-1223.0, -1223.0, -940.0, 0.0, 0.0, 0.0], [0.0, 0.0, 0.0, 58.0, -0.0, -0.0], [-0.0, 0.0, 0.0, -0.0, 58.0, -0.0], [0.0, 0.0, 0.0, -0.0, -0.0, 107.0]]}, 'bulk_modulus': {'voigt': -1127.575, 'reuss': -1127.582, 'vrh': -1127.579}, 'thermal_conductivity': None, 'young_modulus': None, 'universal_anisotropy': 0.681, 'homogeneous_poisson': 0.54}, {'formula_pretty': 'Ni', 'material_id': 'mp-23', 'elastic_tensor': {'raw': [[248.88024030203988, 136.27214578385684, 136.27214578385684, -5.8633653488016064e-15, -8.215650382226157e-15, -1.9984014443252814e-15], [136.27214578385684, 248.88024030203988, 136.27214578385684, -8.215650382226157e-15, -5.8633653488016064e-15, 1.2597225477471268e-14], [136.27214578385684, 136.27214578385684, 248.88024030203988, -7.771561172376096e-15, -1.998401444325281e-15, -5.8633653488016064e-15], [-5.8633653488016064e-15, -8.215650382226157e-15, -7.771561172376096e-15, 126.9093564791897, 0.0, 9.206025716661168e-31], [-8.215650382226157e-15, -5.8633653488016064e-15, -1.998401444325281e-15, 0.0, 126.90935647918975, -3.5224422400889552e-15], [-1.9984014443252814e-15, 1.2597225477471268e-14, -5.8633653488016064e-15, 9.206025716661168e-31, -3.5224422400889552e-15, 126.90935647918981]], 'ieee_format': [[249.0, 136.0, 136.0, -0.0, -0.0, 0.0], [136.0, 249.0, 136.0, -0.0, 0.0, 0.0], [136.0, 136.0, 249.0, -0.0, 0.0, 0.0], [-0.0, -0.0, -0.0, 127.0, 0.0, -0.0], [-0.0, 0.0, 0.0, 0.0, 127.0, -0.0], [0.0, 0.0, 0.0, -0.0, -0.0, 127.0]]}, 'bulk_modulus': {'voigt': 173.808, 'reuss': 173.808, 'vrh': 173.808}, 'thermal_conductivity': {'clarke': 1.2487739222350807, 'cahill': 1.3759077058348288}, 'young_modulus': None, 'universal_anisotropy': 0.837, 'homogeneous_poisson': 0.276}, {'formula_pretty': 'Ni', 'material_id': 'mp-1008728', 'elastic_tensor': {'raw': [[136.4641802372759, 220.59334348794997, 220.59334348794997, 2.109423746787797e-15, 4.82947015711943e-15, 4.551914400963141e-15], [220.59334348794997, 136.4641802372759, 220.59334348795002, 1.1102230246251563e-16, 2.109423746787797e-15, 2.7737563380554226e-14], [220.59334348794997, 220.59334348795002, 136.46418023727588, 3.8857805861880454e-16, 5.551115123125778e-16, 2.109423746787797e-15], [2.109423746787797e-15, 1.1102230246251563e-16, 3.8857805861880454e-16, 157.46391003004578, 0.0, -3.311990316999994e-31], [4.82947015711943e-15, 2.109423746787797e-15, 5.551115123125778e-16